0.00,47236.2986
62.50,19907.3455
125.00,279.3356
187.50,127.7189
250.00,184.1466
312.50,220.2400
375.00,93.3860
437.50,38.1413
500.00,21.8570
airflow(m/s),2.02
clocktime,3341

0.00,5357.8581
62.50,2604.5483
125.00,229.5892
187.50,78.2696
250.00,46.1355
312.50,118.1464
375.00,24.6152
437.50,18.8949
500.00,25.7952
airflow(m/s),6.08
clocktime,5208

0.00,2349.6724
62.50,1627.1353
125.00,524.8226
187.50,177.7424
250.00,128.3508
312.50,120.0071
375.00,21.0072
437.50,7.7998
500.00,15.0356
airflow(m/s),6.65
clocktime,7140

0.00,404.2796
62.50,231.2803
125.00,147.8282
187.50,110.2759
250.00,57.5513
312.50,95.2524
375.00,22.2473
437.50,20.7852
500.00,21.2861
airflow(m/s),1.82
clocktime,9129

0.00,4454.2076
62.50,2224.7938
125.00,194.2978
187.50,53.8938
250.00,89.2228
312.50,150.9424
375.00,44.5800
437.50,3.9434
500.00,2.1188
airflow(m/s),5.15
clocktime,11115

0.00,122.3286
62.50,297.7447
125.00,120.7084
187.50,350.2098
250.00,56.7232
312.50,103.2116
375.00,32.4570
437.50,13.6398
500.00,7.4515
airflow(m/s),1.82
clocktime,13151

0.00,3501.5727
62.50,1558.8296
125.00,92.5503
187.50,60.2165
250.00,76.4016
312.50,132.4826
375.00,62.5330
437.50,31.9811
500.00,27.9069
airflow(m/s),2.51
clocktime,15135

0.00,658.4271
62.50,820.6816
125.00,223.1864
187.50,70.0180
250.00,122.5494
312.50,145.0553
375.00,49.5953
437.50,31.1528
500.00,5.7988
airflow(m/s),7.13
clocktime,17119

0.00,1613.5201
62.50,953.8846
125.00,185.6486
187.50,87.8834
250.00,60.9726
312.50,143.8450
375.00,58.5988
437.50,20.9712
500.00,9.2126
airflow(m/s),7.77
clocktime,19158

0.00,2826.7332
62.50,1399.6969
125.00,265.9297
187.50,23.7793
250.00,95.5814
312.50,75.8249
375.00,11.2094
437.50,20.0813
500.00,23.5151
airflow(m/s),4.86
clocktime,21143

0.00,2094.0526
62.50,1261.1784
125.00,288.2065
187.50,68.5360
250.00,44.5438
312.50,130.6497
375.00,42.1066
437.50,25.1587
500.00,21.8280
airflow(m/s),5.35
clocktime,23128

0.00,2168.2807
62.50,1473.6990
125.00,217.3403
187.50,92.9275
250.00,102.5145
312.50,124.5115
375.00,77.9812
437.50,26.8508
500.00,7.7694
airflow(m/s),2.75
clocktime,25168

0.00,1828.4247
62.50,905.4181
125.00,127.7612
187.50,23.9794
250.00,50.6679
312.50,82.8844
375.00,16.6190
437.50,15.5319
500.00,22.3227
airflow(m/s),3.74
clocktime,27157

0.00,1342.4550
62.50,616.9614
125.00,125.9977
187.50,24.9738
250.00,73.0701
312.50,93.8394
375.00,25.9089
437.50,21.2403
500.00,18.6848
airflow(m/s),2.12
clocktime,29146

0.00,1721.5676
62.50,1422.2752
125.00,387.6868
187.50,72.7582
250.00,107.3466
312.50,157.7143
375.00,33.7637
437.50,43.4036
500.00,9.9770
airflow(m/s),5.76
clocktime,31186

0.00,2268.2280
62.50,1381.7427
125.00,119.6647
187.50,61.0670
250.00,102.9907
312.50,112.2007
375.00,56.4981
437.50,29.3137
500.00,6.9064
airflow(m/s),2.28
clocktime,33175

0.00,3506.8068
62.50,1579.9976
125.00,22.5685
187.50,97.3246
250.00,239.6130
312.50,423.7516
375.00,266.9835
437.50,67.0599
500.00,86.6835
airflow(m/s),2.95
clocktime,35213

0.00,3910.8821
62.50,1828.5389
125.00,250.0186
187.50,39.5934
250.00,260.0871
312.50,331.5316
375.00,254.0307
437.50,797.7447
500.00,1087.3401
airflow(m/s),5.45
clocktime,37197

0.00,2301.3236
62.50,919.8470
125.00,222.5500
187.50,256.8729
250.00,163.7631
312.50,116.7628
375.00,6.5912
437.50,50.5440
500.00,176.3662
airflow(m/s),2.34
clocktime,39182

0.00,185.0602
62.50,715.4943
125.00,230.7576
187.50,26.6183
250.00,123.3587
312.50,94.7550
375.00,71.9191
437.50,58.4717
500.00,23.2462
airflow(m/s),2.63
clocktime,41218

0.00,28.4929
62.50,328.6025
125.00,175.7718
187.50,39.9012
250.00,46.8768
312.50,126.3801
375.00,93.9597
437.50,90.2781
500.00,62.5915
airflow(m/s),2.51
clocktime,43202

0.00,1354.4405
62.50,887.0942
125.00,307.4567
187.50,80.7434
250.00,86.0567
312.50,92.4330
375.00,10.1000
437.50,7.5563
500.00,12.7097
airflow(m/s),4.06
clocktime,45187

0.00,6803.5401
62.50,3262.6392
125.00,208.8515
187.50,40.8837
250.00,137.8528
312.50,219.2940
375.00,79.4627
437.50,50.4355
500.00,68.4763
airflow(m/s),6.08
clocktime,47224

0.00,703.4312
62.50,711.5548
125.00,277.7853
187.50,21.4743
250.00,122.8072
312.50,137.2048
375.00,44.4880
437.50,24.9349
500.00,18.0033
airflow(m/s),5.97
clocktime,49211

0.00,1891.9420
62.50,1001.6951
125.00,17.0133
187.50,4.5016
250.00,128.1679
312.50,157.2413
375.00,27.8374
437.50,16.9185
500.00,27.0968
airflow(m/s),4.58
clocktime,51199

0.00,3385.7687
62.50,1595.9683
125.00,143.1567
187.50,89.1189
250.00,85.7472
312.50,80.5176
375.00,10.2405
437.50,13.7187
500.00,13.0698
airflow(m/s),3.98
clocktime,53200

0.00,1378.5486
62.50,579.2795
125.00,47.8866
187.50,42.3211
250.00,58.4236
312.50,97.2985
375.00,32.9140
437.50,24.0773
500.00,28.9339
airflow(m/s),6.31
clocktime,55189

0.00,2073.2034
62.50,792.0496
125.00,158.1111
187.50,42.1851
250.00,81.3179
312.50,118.7171
375.00,40.9089
437.50,16.4505
500.00,16.9615
airflow(m/s),2.45
clocktime,57193

0.00,1332.6009
62.50,878.7797
125.00,236.4781
187.50,51.3709
250.00,73.3717
312.50,92.7218
375.00,33.5641
437.50,15.9169
500.00,21.8020
airflow(m/s),4.77
clocktime,59179

0.00,1170.7662
62.50,814.8574
125.00,60.7531
187.50,70.3266
250.00,72.8168
312.50,146.4850
375.00,71.4337
437.50,37.1000
500.00,4.5688
airflow(m/s),1.60
clocktime,61164

0.00,470.2910
62.50,358.4899
125.00,178.3361
187.50,79.5267
250.00,110.5093
312.50,171.2499
375.00,55.1395
437.50,30.6861
500.00,18.0749
airflow(m/s),5.05
clocktime,63201

0.00,2112.2716
62.50,786.2246
125.00,137.8632
187.50,13.3166
250.00,59.3041
312.50,94.8104
375.00,21.4942
437.50,14.2694
500.00,24.9555
airflow(m/s),2.63
clocktime,65186

0.00,1329.7329
62.50,614.5385
125.00,62.5269
187.50,41.5758
250.00,85.9720
312.50,137.3194
375.00,51.8878
437.50,3.7271
500.00,8.1687
airflow(m/s),1.64
clocktime,67170

0.00,135.3882
62.50,474.7198
125.00,374.2955
187.50,75.2163
250.00,65.8397
312.50,102.0905
375.00,16.6172
437.50,14.7612
500.00,14.5597
airflow(m/s),2.34
clocktime,69207

0.00,224.4543
62.50,559.7799
125.00,394.4472
187.50,84.2437
250.00,97.0349
312.50,125.3716
375.00,24.5259
437.50,16.3307
500.00,11.1978
airflow(m/s),2.45
clocktime,71190

0.00,887.2355
62.50,400.6266
125.00,244.1031
187.50,60.9513
250.00,95.3539
312.50,115.3786
375.00,26.2040
437.50,12.6380
500.00,3.2856
airflow(m/s),7.90
clocktime,73174

0.00,209.4218
62.50,78.9824
125.00,11.8205
187.50,19.2329
250.00,56.9304
312.50,121.2421
375.00,38.2405
437.50,14.9368
500.00,10.4811
airflow(m/s),3.15
clocktime,75213

0.00,2535.8166
62.50,1243.1791
125.00,60.1005
187.50,68.7901
250.00,39.2722
312.50,91.3377
375.00,6.8617
437.50,20.5082
500.00,28.0964
airflow(m/s),1.92
clocktime,77203

0.00,1234.5926
62.50,412.9863
125.00,111.8589
187.50,86.8045
250.00,29.3817
312.50,72.3318
375.00,25.3378
437.50,23.8657
500.00,9.3997
airflow(m/s),1.92
clocktime,79193

0.00,1423.8817
62.50,421.4275
125.00,342.8694
187.50,109.2873
250.00,98.2354
312.50,107.1089
375.00,43.7471
437.50,12.4576
500.00,13.4861
airflow(m/s),5.87
clocktime,81238

0.00,1388.3251
62.50,829.3681
125.00,70.2557
187.50,92.3158
250.00,123.7205
312.50,109.8831
375.00,32.0585
437.50,17.1898
500.00,14.6253
airflow(m/s),7.51
clocktime,83225

0.00,1045.5233
62.50,812.6261
125.00,200.9363
187.50,24.8334
250.00,54.5761
312.50,99.0543
375.00,24.4077
437.50,17.6464
500.00,30.7552
airflow(m/s),7.77
clocktime,85263

0.00,1927.0419
62.50,1090.0914
125.00,215.0960
187.50,20.0529
250.00,61.1110
312.50,114.5348
375.00,41.0144
437.50,29.4048
500.00,17.2245
airflow(m/s),1.82
clocktime,87247

0.00,899.9868
62.50,414.7027
125.00,274.2222
187.50,164.8542
250.00,60.6831
312.50,78.4770
375.00,13.2540
437.50,5.7802
500.00,18.2141
airflow(m/s),7.64
clocktime,89232

0.00,333.3639
62.50,323.6397
125.00,143.9553
187.50,114.0765
250.00,110.7470
312.50,95.9254
375.00,4.9797
437.50,8.2390
500.00,9.5059
airflow(m/s),2.17
clocktime,91267

0.00,255.0643
62.50,409.1331
125.00,100.0421
187.50,86.4209
250.00,120.3354
312.50,156.5277
375.00,43.5722
437.50,66.5157
500.00,34.8811
airflow(m/s),7.26
clocktime,93252

0.00,2298.7324
62.50,1248.2867
125.00,151.5823
187.50,90.5557
250.00,97.3151
312.50,71.5997
375.00,41.8492
437.50,50.4230
500.00,10.4019
airflow(m/s),3.01
clocktime,95236

0.00,3375.4293
62.50,1480.5817
125.00,118.5740
187.50,41.6433
250.00,119.4790
312.50,152.2041
375.00,47.6618
437.50,24.2506
500.00,15.8893
airflow(m/s),4.77
clocktime,97276

0.00,971.2849
62.50,463.5965
125.00,55.8227
187.50,53.9056
250.00,84.4870
312.50,119.6356
375.00,49.7511
437.50,22.3212
500.00,3.0049
airflow(m/s),2.45
clocktime,99263

0.00,1743.6404
62.50,1161.5977
125.00,304.3060
187.50,13.5232
250.00,62.0369
312.50,117.1526
375.00,19.6179
437.50,14.0803
500.00,8.5025
airflow(m/s),3.59
clocktime,101251

0.00,535.3538
62.50,728.8030
125.00,210.1124
187.50,38.0229
250.00,102.6349
312.50,149.3699
375.00,51.1282
437.50,29.9999
500.00,19.1199
airflow(m/s),2.57
clocktime,103292

0.00,201.5878
62.50,500.7223
125.00,200.5592
187.50,112.5925
250.00,63.6514
312.50,138.9417
375.00,58.8041
437.50,18.9944
500.00,16.1137
airflow(m/s),2.75
clocktime,105281

0.00,6765.0031
62.50,3348.0673
125.00,179.7802
187.50,83.1931
250.00,74.3130
312.50,134.7285
375.00,50.3572
437.50,20.0840
500.00,13.3309
airflow(m/s),2.57
clocktime,107269

0.00,4344.6154
62.50,2056.5372
125.00,163.5419
187.50,52.7797
250.00,73.8534
312.50,139.9709
375.00,59.3660
437.50,8.6911
500.00,21.1107
airflow(m/s),2.28
clocktime,109308

0.00,679.0649
62.50,304.2297
125.00,114.5482
187.50,129.2232
250.00,127.7591
312.50,97.2952
375.00,35.7252
437.50,14.8692
500.00,1.6060
airflow(m/s),2.39
clocktime,111293

0.00,954.1130
62.50,763.2992
125.00,385.4719
187.50,100.6767
250.00,75.9117
312.50,147.5107
375.00,43.5942
437.50,14.1485
500.00,17.1302
airflow(m/s),2.57
clocktime,113330

0.00,1107.2349
62.50,654.8007
125.00,221.6492
187.50,9.5331
250.00,77.1156
312.50,102.0559
375.00,41.9036
437.50,17.9268
500.00,9.9865
airflow(m/s),2.57
clocktime,115314

0.00,665.0226
62.50,358.3043
125.00,71.7770
187.50,83.7398
250.00,104.4284
312.50,114.8388
375.00,2.1860
437.50,19.5147
500.00,19.3418
airflow(m/s),2.28
clocktime,117299

0.00,614.8631
62.50,491.6228
125.00,156.6074
187.50,68.3924
250.00,78.1158
312.50,112.1633
375.00,19.4494
437.50,19.4665
500.00,11.8713
airflow(m/s),2.51
clocktime,119335

0.00,1457.0379
62.50,875.5813
125.00,178.4579
187.50,95.1666
250.00,157.9594
312.50,137.7535
375.00,52.5255
437.50,26.2460
500.00,3.1795
airflow(m/s),1.51
clocktime,121322

0.00,1418.0186
62.50,815.4657
125.00,166.4848
187.50,65.6217
250.00,44.8838
312.50,90.0866
375.00,5.0290
437.50,27.6966
500.00,1.3506
airflow(m/s),2.17
clocktime,123309

0.00,194.0581
62.50,267.4804
125.00,144.0133
187.50,31.5446
250.00,110.2191
312.50,118.4560
375.00,37.1438
437.50,15.1512
500.00,11.1432
airflow(m/s),5.35
clocktime,125350

0.00,2369.7088
62.50,1449.5117
125.00,375.7570
187.50,94.9953
250.00,57.4631
312.50,67.2054
375.00,2.0506
437.50,17.5965
500.00,14.9875
airflow(m/s),4.67
clocktime,127339

0.00,385.7156
62.50,388.5269
125.00,240.2891
187.50,91.2674
250.00,84.6373
312.50,99.1041
375.00,32.6771
437.50,16.6873
500.00,1.6059
airflow(m/s),2.57
clocktime,129328

0.00,1398.4098
62.50,846.2662
125.00,129.6475
187.50,87.0187
250.00,51.6821
312.50,52.3572
375.00,21.5851
437.50,9.7462
500.00,3.4368
airflow(m/s),2.82
clocktime,131370

0.00,2220.1240
62.50,1264.2395
125.00,77.9529
187.50,69.7277
250.00,44.1528
312.50,118.2147
375.00,19.7103
437.50,4.3815
500.00,19.6974
airflow(m/s),2.75
clocktime,133357

0.00,3913.0468
62.50,1804.3838
125.00,107.4800
187.50,53.1873
250.00,122.8839
312.50,150.9631
375.00,42.0985
437.50,12.0622
500.00,13.3653
airflow(m/s),2.39
clocktime,135397

0.00,2242.8720
62.50,1008.7926
125.00,129.3117
187.50,31.2006
250.00,39.4344
312.50,65.9598
375.00,31.4441
437.50,30.0595
500.00,6.3692
airflow(m/s),4.86
clocktime,137382

0.00,412.0609
62.50,170.2565
125.00,222.4541
187.50,86.6251
250.00,83.4526
312.50,81.0199
375.00,15.2292
437.50,7.7278
500.00,4.3618
airflow(m/s),4.77
clocktime,139366

0.00,999.1496
62.50,514.5404
125.00,114.7193
187.50,98.7293
250.00,85.9481
312.50,98.4801
375.00,32.1735
437.50,37.6498
500.00,18.2361
airflow(m/s),2.02
clocktime,141402

0.00,1568.6264
62.50,638.4856
125.00,126.3498
187.50,55.0135
250.00,77.7546
312.50,116.4868
375.00,20.6736
437.50,10.6437
500.00,22.0756
airflow(m/s),2.17
clocktime,143387

0.00,158.4448
62.50,218.5517
125.00,186.5252
187.50,131.2260
250.00,78.6203
312.50,109.7578
375.00,37.2999
437.50,12.6658
500.00,21.3571
airflow(m/s),7.01
clocktime,145372

0.00,2528.8468
62.50,1083.3668
125.00,212.5790
187.50,126.7913
250.00,95.7934
312.50,118.9352
375.00,37.9489
437.50,16.4358
500.00,14.3233
airflow(m/s),6.54
clocktime,147411

0.00,594.9394
62.50,37.3664
125.00,342.4187
187.50,147.5150
250.00,137.4613
312.50,165.6126
375.00,59.0441
437.50,29.1288
500.00,19.7085
airflow(m/s),5.87
clocktime,149399

0.00,400.8347
62.50,338.8629
125.00,85.3543
187.50,78.7637
250.00,79.5056
312.50,154.1410
375.00,58.0567
437.50,13.2782
500.00,9.1487
airflow(m/s),2.57
clocktime,151387

0.00,1953.2650
62.50,957.4903
125.00,152.3971
187.50,30.5953
250.00,89.9986
312.50,122.1435
375.00,25.2662
437.50,24.7483
500.00,24.3076
airflow(m/s),3.98
clocktime,153428

0.00,1078.9545
62.50,484.7841
125.00,68.6037
187.50,104.2742
250.00,55.2919
312.50,159.0689
375.00,84.7708
437.50,43.8816
500.00,31.4266
airflow(m/s),2.88
clocktime,155418

0.00,572.6136
62.50,185.3648
125.00,102.2932
187.50,49.7305
250.00,55.1117
312.50,91.0929
375.00,34.8761
437.50,23.4604
500.00,34.5030
airflow(m/s),2.45
clocktime,157406

0.00,444.9707
62.50,207.0465
125.00,210.9075
187.50,112.5749
250.00,133.7637
312.50,138.4576
375.00,45.8207
437.50,21.8375
500.00,7.1060
airflow(m/s),2.51
clocktime,159443

0.00,913.5921
62.50,580.0180
125.00,102.1070
187.50,63.3011
250.00,88.3245
312.50,144.1389
375.00,48.4936
437.50,11.4781
500.00,13.4785
airflow(m/s),2.39
clocktime,161427

0.00,309.8024
62.50,207.2099
125.00,58.4879
187.50,13.3352
250.00,56.6019
312.50,99.1666
375.00,20.5723
437.50,24.5682
500.00,30.0316
airflow(m/s),2.39
clocktime,163463

0.00,2324.3750
62.50,962.5324
125.00,76.6904
187.50,187.1760
250.00,61.2535
312.50,85.7221
375.00,43.2738
437.50,1.9048
500.00,13.9643
airflow(m/s),2.34
clocktime,165447

0.00,2040.1595
62.50,837.5711
125.00,157.9323
187.50,97.8364
250.00,37.8630
312.50,83.5680
375.00,16.8315
437.50,11.1188
500.00,15.6705
airflow(m/s),2.69
clocktime,167432

0.00,2648.7242
62.50,1285.8257
125.00,243.0751
187.50,78.2011
250.00,74.7805
312.50,107.0318
375.00,37.1020
437.50,8.4376
500.00,13.3295
airflow(m/s),2.45
clocktime,169470

0.00,1641.4291
62.50,845.0169
125.00,124.7660
187.50,74.3282
250.00,80.0307
312.50,73.7367
375.00,12.5719
437.50,21.8620
500.00,0.9883
airflow(m/s),2.45
clocktime,171456

0.00,1449.6162
62.50,1044.9621
125.00,347.5954
187.50,89.9036
250.00,125.4222
312.50,137.7690
375.00,38.3282
437.50,13.2672
500.00,14.6611
airflow(m/s),3.29
clocktime,173443

0.00,3102.8265
62.50,1195.1976
125.00,178.4105
187.50,48.7384
250.00,84.0824
312.50,128.5004
375.00,34.5639
437.50,37.0557
500.00,16.1506
airflow(m/s),2.12
clocktime,175484

0.00,2100.0528
62.50,1062.0185
125.00,223.1428
187.50,92.8007
250.00,108.2232
312.50,127.7881
375.00,42.7071
437.50,16.6912
500.00,13.1919
airflow(m/s),2.12
clocktime,177473

0.00,2929.6943
62.50,1568.4181
125.00,485.3134
187.50,129.5442
250.00,82.5699
312.50,115.9131
375.00,32.8664
437.50,22.4891
500.00,7.5766
airflow(m/s),2.57
clocktime,179464

0.00,488.3223
62.50,312.8825
125.00,218.6499
187.50,75.0334
250.00,84.8751
312.50,131.6250
375.00,27.7927
437.50,12.5525
500.00,5.1346
airflow(m/s),2.63
clocktime,181505

0.00,925.7855
62.50,276.3242
125.00,97.4141
187.50,83.6218
250.00,142.3464
312.50,105.5050
375.00,58.7021
437.50,80.2466
500.00,29.9077
airflow(m/s),2.45
clocktime,183491

0.00,583.7294
62.50,432.6485
125.00,227.7829
187.50,59.9117
250.00,70.0529
312.50,101.9318
375.00,52.8226
437.50,40.7685
500.00,31.9862
airflow(m/s),2.57
clocktime,185527

0.00,1418.2539
62.50,937.3652
125.00,144.2397
187.50,61.6142
250.00,112.1536
312.50,125.0307
375.00,30.2112
437.50,25.4818
500.00,21.7686
airflow(m/s),2.57
clocktime,187512

0.00,1959.5539
62.50,891.5084
125.00,91.4290
187.50,50.0317
250.00,104.9224
312.50,96.5997
375.00,9.0429
437.50,11.1384
500.00,2.5698
airflow(m/s),2.45
clocktime,189497

0.00,1372.6483
62.50,634.2765
125.00,9.3295
187.50,80.6406
250.00,85.1496
312.50,120.9460
375.00,63.1168
437.50,31.7110
500.00,22.9659
airflow(m/s),2.39
clocktime,191538

0.00,222.1653
62.50,99.1426
125.00,148.5070
187.50,23.1379
250.00,93.6542
312.50,127.1964
375.00,28.4418
437.50,17.2293
500.00,21.0069
airflow(m/s),2.34
clocktime,193522

0.00,526.6793
62.50,283.5756
125.00,52.0626
187.50,55.1745
250.00,90.7910
312.50,102.1301
375.00,13.3179
437.50,36.3851
500.00,5.2903
airflow(m/s),2.57
clocktime,195508

0.00,436.3713
62.50,350.1571
125.00,44.7924
187.50,9.8137
250.00,90.9629
312.50,131.3564
375.00,37.2779
437.50,18.3951
500.00,24.2655
airflow(m/s),2.51
clocktime,197546

0.00,2921.5502
62.50,1326.4522
125.00,107.2650
187.50,18.3370
250.00,46.5227
312.50,96.0711
375.00,10.2948
437.50,21.7485
500.00,18.3829
airflow(m/s),2.63
clocktime,199535

0.00,740.1367
62.50,668.7070
125.00,132.4653
187.50,95.3194
250.00,88.8098
312.50,148.0019
375.00,56.8307
437.50,14.7201
500.00,6.3235
airflow(m/s),2.51
clocktime,201525

0.00,624.3867
62.50,370.7331
125.00,84.1029
187.50,12.7926
250.00,110.0219
312.50,173.4828
375.00,73.3855
437.50,9.5464
500.00,5.6996
airflow(m/s),2.57
clocktime,203565

0.00,283.3643
62.50,387.4308
125.00,165.8883
187.50,42.1017
250.00,53.8166
312.50,97.4168
375.00,30.1902
437.50,17.6032
500.00,11.2755
airflow(m/s),5.15
clocktime,205554

0.00,1579.4589
62.50,880.8115
125.00,244.3133
187.50,157.1498
250.00,60.8398
312.50,131.0753
375.00,56.9770
437.50,13.5171
500.00,11.2296
airflow(m/s),2.75
clocktime,207542

0.00,902.8673
62.50,470.5550
125.00,207.9337
187.50,26.0482
250.00,105.7531
312.50,88.7410
375.00,21.2296
437.50,24.9170
500.00,12.4097
airflow(m/s),2.63
clocktime,209578

0.00,632.3728
62.50,697.2918
125.00,179.0696
187.50,78.7500
250.00,95.1242
312.50,86.8580
375.00,48.8215
437.50,22.9011
500.00,22.5708
airflow(m/s),3.74
clocktime,211562

0.00,1222.2334
62.50,535.8221
125.00,139.6710
187.50,124.8713
250.00,110.0661
312.50,127.3174
375.00,34.5055
437.50,14.9691
500.00,7.5582
airflow(m/s),6.42
clocktime,213599

0.00,1681.5713
62.50,1047.3614
125.00,177.4361
187.50,21.7086
250.00,84.5184
312.50,143.5293
375.00,26.5540
437.50,20.7796
500.00,17.3867
airflow(m/s),2.57
clocktime,215582

0.00,1794.8374
62.50,945.3143
125.00,104.4209
187.50,36.7036
250.00,78.7427
312.50,156.9171
375.00,48.9662
437.50,30.0383
500.00,14.5041
airflow(m/s),2.75
clocktime,217567

0.00,507.5844
62.50,251.8759
125.00,147.2330
187.50,62.3704
250.00,99.4345
312.50,132.5701
375.00,45.1160
437.50,22.0044
500.00,20.2011
airflow(m/s),2.63
clocktime,219706

0.00,279.6452
62.50,136.2627
125.00,23.1671
187.50,27.2056
250.00,114.0146
312.50,136.1425
375.00,42.2784
437.50,0.4296
500.00,12.0307
airflow(m/s),2.51
clocktime,221692

0.00,634.9909
62.50,681.0866
125.00,124.3713
187.50,56.2759
250.00,51.9413
312.50,153.8794
375.00,35.3051
437.50,8.2947
500.00,21.1358
airflow(m/s),2.63
clocktime,223680

0.00,1125.5817
62.50,865.1148
125.00,295.2963
187.50,50.1368
250.00,77.9155
312.50,144.1660
375.00,64.5787
437.50,24.7989
500.00,20.9306
airflow(m/s),2.63
clocktime,225823

0.00,696.8614
62.50,360.6177
125.00,54.7330
187.50,16.4239
250.00,80.7080
312.50,103.5478
375.00,35.8116
437.50,8.8782
500.00,11.1456
airflow(m/s),2.75
clocktime,227812

0.00,1532.3539
62.50,630.5086
125.00,284.7482
187.50,17.5374
250.00,101.2885
312.50,116.0017
375.00,9.9563
437.50,7.3805
500.00,8.5170
airflow(m/s),2.95
clocktime,229897

0.00,598.7571
62.50,354.3651
125.00,152.7502
187.50,36.0745
250.00,50.7545
312.50,80.0930
375.00,36.9687
437.50,23.7721
500.00,12.3514
airflow(m/s),2.63
clocktime,231938

0.00,1101.6722
62.50,320.8356
125.00,148.5131
187.50,66.2041
250.00,60.7555
312.50,97.8946
375.00,21.7178
437.50,27.3517
500.00,16.1309
airflow(m/s),2.57
clocktime,234016

0.00,316.3626
62.50,433.1740
125.00,151.6115
187.50,91.7787
250.00,99.3968
312.50,96.0149
375.00,24.0371
437.50,10.9767
500.00,33.5694
airflow(m/s),2.51
clocktime,236000

0.00,896.2905
62.50,804.8309
125.00,310.4030
187.50,127.9140
250.00,48.9101
312.50,87.0599
375.00,17.6439
437.50,16.5194
500.00,4.8548
airflow(m/s),2.82
clocktime,238128

0.00,770.8377
62.50,344.2470
125.00,287.8112
187.50,132.0145
250.00,119.5126
312.50,91.4835
375.00,25.4809
437.50,24.0541
500.00,18.9978
airflow(m/s),5.05
clocktime,240112

0.00,1714.5295
62.50,698.8042
125.00,188.8516
187.50,36.5577
250.00,85.7550
312.50,68.7212
375.00,30.6520
437.50,9.2234
500.00,20.2760
airflow(m/s),2.45
clocktime,242149

0.00,1486.3443
62.50,710.4726
125.00,86.3572
187.50,44.7752
250.00,101.6382
312.50,152.4301
375.00,67.1643
437.50,29.7501
500.00,24.4283
airflow(m/s),2.45
clocktime,244225

0.00,2731.2526
62.50,1411.3940
125.00,151.1344
187.50,127.7114
250.00,54.2096
312.50,129.5822
375.00,32.3657
437.50,9.6281
500.00,10.8164
airflow(m/s),2.69
clocktime,246212

0.00,3076.2304
62.50,1212.7312
125.00,162.6694
187.50,63.1399
250.00,39.5815
312.50,93.1424
375.00,21.3394
437.50,32.2286
500.00,20.8468
airflow(m/s),2.45
clocktime,248347

0.00,3081.2377
62.50,1202.0367
125.00,84.3899
187.50,172.2388
250.00,62.5294
312.50,153.4940
375.00,101.7149
437.50,68.6830
500.00,18.4412
airflow(m/s),2.45
clocktime,250334

0.00,2663.8997
62.50,1233.0762
125.00,252.6975
187.50,61.5596
250.00,71.3554
312.50,132.1734
375.00,47.5605
437.50,7.5972
500.00,5.2226
airflow(m/s),2.39
clocktime,252412

0.00,3128.4265
62.50,1480.5435
125.00,39.1148
187.50,169.5223
250.00,47.8818
312.50,131.5991
375.00,83.7908
437.50,28.4470
500.00,19.5133
airflow(m/s),2.63
clocktime,254453

0.00,615.1795
62.50,368.2191
125.00,352.6326
187.50,248.9325
250.00,43.4040
312.50,169.8326
375.00,152.1859
437.50,31.1323
500.00,20.0069
airflow(m/s),2.82
clocktime,256441

0.00,2039.4939
62.50,1170.7017
125.00,87.4909
187.50,109.6369
250.00,107.8968
312.50,149.5321
375.00,53.0170
437.50,31.3049
500.00,15.2881
airflow(m/s),2.39
clocktime,258520

0.00,2497.5860
62.50,1018.3174
125.00,279.6057
187.50,14.3493
250.00,66.0912
312.50,83.6111
375.00,8.7435
437.50,21.2939
500.00,13.3163
airflow(m/s),1.82
clocktime,260557

0.00,1485.8877
62.50,656.7407
125.00,165.5330
187.50,128.7842
250.00,92.5738
312.50,160.2319
375.00,63.0383
437.50,15.6097
500.00,4.3612
airflow(m/s),2.95
clocktime,262635

0.00,369.5606
62.50,428.3466
125.00,152.0049
187.50,95.9250
250.00,31.8544
312.50,88.3022
375.00,2.6495
437.50,9.0397
500.00,14.7865
airflow(m/s),2.75
clocktime,264671

0.00,217.9856
62.50,401.3357
125.00,107.5155
187.50,41.1498
250.00,65.6789
312.50,102.8402
375.00,49.1504
437.50,27.4697
500.00,17.6471
airflow(m/s),1.73
clocktime,266753

0.00,267.2281
62.50,337.3919
125.00,166.5274
187.50,78.5627
250.00,76.1351
312.50,116.2945
375.00,31.6098
437.50,40.0446
500.00,7.8351
airflow(m/s),2.23
clocktime,268737

0.00,1389.1965
62.50,611.8019
125.00,118.0883
187.50,55.3698
250.00,140.2820
312.50,137.0485
375.00,36.2560
437.50,10.8420
500.00,15.1302
airflow(m/s),3.15
clocktime,270878

0.00,2215.0663
62.50,862.2426
125.00,62.6765
187.50,29.5668
250.00,65.3538
312.50,112.8086
375.00,36.1878
437.50,21.6157
500.00,10.9570
airflow(m/s),2.88
clocktime,272866

0.00,512.5202
62.50,481.4403
125.00,272.4341
187.50,82.6968
250.00,95.4993
312.50,126.4445
375.00,56.7320
437.50,10.4050
500.00,10.4752
airflow(m/s),2.17
clocktime,274855

0.00,1206.9555
62.50,526.1047
125.00,147.9999
187.50,26.1206
250.00,101.7103
312.50,121.8782
375.00,12.1556
437.50,24.2840
500.00,10.8217
airflow(m/s),2.17
clocktime,277004

0.00,220.8473
62.50,688.7978
125.00,184.6457
187.50,32.3155
250.00,60.8309
312.50,123.0826
375.00,42.4230
437.50,19.8143
500.00,20.4368
airflow(m/s),6.89
clocktime,278994

0.00,521.3384
62.50,364.8212
125.00,104.3792
187.50,9.4688
250.00,60.1796
312.50,86.1106
375.00,15.7858
437.50,17.7641
500.00,29.7560
airflow(m/s),6.19
clocktime,281092

0.00,1054.9685
62.50,969.5117
125.00,239.9844
187.50,55.6229
250.00,91.8409
312.50,135.2374
375.00,48.0757
437.50,15.3796
500.00,29.2846
airflow(m/s),2.45
clocktime,283131

0.00,922.4071
62.50,295.8570
125.00,110.6730
187.50,94.0405
250.00,68.1607
312.50,71.4060
375.00,25.5117
437.50,17.7548
500.00,25.6562
airflow(m/s),2.17
clocktime,285216

0.00,4052.2571
62.50,1904.2762
125.00,124.0294
187.50,102.8924
250.00,63.3925
312.50,105.7232
375.00,48.3445
437.50,20.2281
500.00,13.4274
airflow(m/s),2.75
clocktime,287201

0.00,2679.5486
62.50,1636.6903
125.00,251.3707
187.50,23.6458
250.00,139.2299
312.50,153.4197
375.00,81.0577
437.50,8.5190
500.00,28.0454
airflow(m/s),2.17
clocktime,289332

0.00,1487.1454
62.50,873.1794
125.00,137.5544
187.50,82.9400
250.00,65.2724
312.50,65.3158
375.00,12.5967
437.50,2.5947
500.00,12.9969
airflow(m/s),2.69
clocktime,291317

0.00,1785.8388
62.50,963.1759
125.00,179.1048
187.50,24.5537
250.00,59.7102
312.50,108.8785
375.00,30.7791
437.50,5.1991
500.00,11.7951
airflow(m/s),2.57
clocktime,293354

0.00,3060.3691
62.50,1485.6438
125.00,87.5205
187.50,66.1626
250.00,70.8511
312.50,94.1848
375.00,22.9132
437.50,7.3614
500.00,16.5442
airflow(m/s),2.51
clocktime,295438

0.00,1653.0181
62.50,1149.0328
125.00,325.1420
187.50,22.7093
250.00,88.9200
312.50,118.9542
375.00,42.2456
437.50,9.0241
500.00,23.8614
airflow(m/s),2.02
clocktime,297425

0.00,1905.0362
62.50,909.6235
125.00,160.6014
187.50,122.0719
250.00,98.9309
312.50,134.5027
375.00,44.5286
437.50,15.8177
500.00,16.1501
airflow(m/s),2.63
clocktime,299565

0.00,307.5419
62.50,395.3810
125.00,161.0529
187.50,78.5403
250.00,115.7258
312.50,110.0730
375.00,51.0828
437.50,22.5092
500.00,3.5656
airflow(m/s),2.57
clocktime,301555

0.00,1088.4312
62.50,451.0329
125.00,171.3675
187.50,46.2629
250.00,64.6399
312.50,126.6701
375.00,59.4500
437.50,31.4805
500.00,18.6986
airflow(m/s),2.63
clocktime,303646

0.00,964.5198
62.50,521.2179
125.00,175.6596
187.50,63.2384
250.00,67.4439
312.50,116.7580
375.00,44.3522
437.50,13.6746
500.00,0.4665
airflow(m/s),7.13
clocktime,305690

0.00,723.8681
62.50,1187.4089
125.00,429.3758
187.50,169.4422
250.00,183.4150
312.50,78.1179
375.00,182.4912
437.50,122.8815
500.00,100.7746
airflow(m/s),4.77
clocktime,307677

0.00,378.3243
62.50,881.7705
125.00,319.9882
187.50,27.2565
250.00,98.9858
312.50,89.6210
375.00,45.3947
437.50,21.4547
500.00,15.3082
airflow(m/s),4.41
clocktime,309762

0.00,1179.0803
62.50,577.6588
125.00,74.1958
187.50,65.1546
250.00,67.1914
312.50,139.8028
375.00,44.7117
437.50,15.6458
500.00,11.9912
airflow(m/s),2.45
clocktime,311761

0.00,33.6428
62.50,700.8993
125.00,387.5983
187.50,70.6890
250.00,98.4774
312.50,108.7393
375.00,44.7941
437.50,18.1512
500.00,7.8603
airflow(m/s),2.75
clocktime,313843

0.00,2940.5503
62.50,1438.0546
125.00,224.5176
187.50,60.9289
250.00,116.1174
312.50,183.5773
375.00,49.3769
437.50,5.4432
500.00,9.5749
airflow(m/s),2.45
clocktime,315842

0.00,1704.2462
62.50,903.5096
125.00,7.2123
187.50,79.4767
250.00,146.1334
312.50,150.8072
375.00,74.2303
437.50,12.5001
500.00,6.6608
airflow(m/s),2.51
clocktime,317928

0.00,516.3761
62.50,863.4921
125.00,441.1567
187.50,127.3352
250.00,103.6957
312.50,119.8189
375.00,46.1481
437.50,5.3884
500.00,3.5865
airflow(m/s),2.69
clocktime,319915

0.00,1058.9402
62.50,583.7480
125.00,202.4173
187.50,69.4090
250.00,116.0831
312.50,160.2006
375.00,53.3711
437.50,10.5452
500.00,17.0831
airflow(m/s),2.45
clocktime,322060

0.00,1908.7115
62.50,965.3760
125.00,121.5421
187.50,68.7901
250.00,99.1273
312.50,99.3931
375.00,12.3846
437.50,11.4015
500.00,4.3775
airflow(m/s),2.82
clocktime,324049

0.00,1366.7661
62.50,815.8578
125.00,86.1220
187.50,61.7866
250.00,79.9899
312.50,101.4302
375.00,53.9918
437.50,11.9106
500.00,30.4255
airflow(m/s),2.82
clocktime,326038

0.00,1438.4304
62.50,1020.2422
125.00,178.4097
187.50,43.3689
250.00,90.4081
312.50,106.0790
375.00,28.5985
437.50,43.9189
500.00,11.9571
airflow(m/s),2.63
clocktime,328192

0.00,3051.6169
62.50,1694.2236
125.00,333.6473
187.50,187.7260
250.00,6.0796
312.50,78.6232
375.00,44.3125
437.50,40.7078
500.00,9.5008
airflow(m/s),2.69
clocktime,330185

0.00,1126.0675
62.50,673.0794
125.00,296.4129
187.50,56.0393
250.00,56.1588
312.50,89.9931
375.00,6.0210
437.50,24.6963
500.00,26.9191
airflow(m/s),2.57
clocktime,332175

0.00,2142.5617
62.50,907.7405
125.00,130.5329
187.50,71.6847
250.00,59.1711
312.50,89.1230
375.00,31.7545
437.50,9.3247
500.00,13.6763
airflow(m/s),2.75
clocktime,334217

0.00,7344.0544
62.50,3369.5258
125.00,311.1636
187.50,137.5694
250.00,76.4892
312.50,79.8969
375.00,30.5403
437.50,13.4386
500.00,10.5579
airflow(m/s),2.57
clocktime,336206

0.00,141.5186
62.50,762.3377
125.00,139.7494
187.50,127.6380
250.00,120.3575
312.50,132.0199
375.00,35.1484
437.50,4.6205
500.00,28.9648
airflow(m/s),2.75
clocktime,338195

0.00,305.5711
62.50,781.6113
125.00,186.6513
187.50,125.6448
250.00,42.6100
312.50,100.5907
375.00,14.8253
437.50,47.0555
500.00,39.0453
airflow(m/s),2.63
clocktime,340236

0.00,249.7996
62.50,228.3825
125.00,103.8160
187.50,42.3560
250.00,53.3340
312.50,85.3029
375.00,42.3908
437.50,10.6166
500.00,8.1428
airflow(m/s),2.63
clocktime,342225

0.00,923.7577
62.50,875.4909
125.00,186.6785
187.50,40.9112
250.00,91.6838
312.50,124.1971
375.00,72.6498
437.50,2.9810
500.00,7.4375
airflow(m/s),2.57
clocktime,344268

0.00,436.5145
62.50,1080.7745
125.00,263.3817
187.50,32.0826
250.00,99.1060
312.50,106.8424
375.00,21.7389
437.50,8.5593
500.00,28.7369
airflow(m/s),2.75
clocktime,346260

0.00,2036.7267
62.50,1375.1454
125.00,294.3915
187.50,16.9330
250.00,107.3076
312.50,138.6784
375.00,23.4382
437.50,26.5972
500.00,14.7408
airflow(m/s),2.51
clocktime,348253

0.00,31.7662
62.50,83.2489
125.00,25.1762
187.50,31.1208
250.00,76.4671
312.50,133.5330
375.00,60.2600
437.50,34.7506
500.00,16.5768
airflow(m/s),2.45
clocktime,350298

0.00,2816.0688
62.50,1162.6557
125.00,220.7676
187.50,284.1722
250.00,136.4536
312.50,76.5704
375.00,46.2677
437.50,13.7601
500.00,16.8770
airflow(m/s),2.45
clocktime,352292

0.00,3429.6318
62.50,1825.7272
125.00,356.1946
187.50,82.3582
250.00,106.9165
312.50,190.8380
375.00,60.7861
437.50,26.9234
500.00,5.6225
airflow(m/s),2.57
clocktime,354286

0.00,1547.1124
62.50,713.0017
125.00,111.6514
187.50,63.6511
250.00,77.2373
312.50,108.7772
375.00,23.0949
437.50,12.9545
500.00,15.6598
airflow(m/s),2.45
clocktime,356331

0.00,3339.5898
62.50,1565.3613
125.00,76.0480
187.50,36.1813
250.00,96.5836
312.50,127.2711
375.00,50.1178
437.50,12.7713
500.00,15.0498
airflow(m/s),2.51
clocktime,358320

0.00,654.8490
62.50,551.7234
125.00,146.5792
187.50,43.7774
250.00,81.3592
312.50,139.7644
375.00,27.1704
437.50,25.9840
500.00,18.9306
airflow(m/s),2.45
clocktime,360310

0.00,3758.1291
62.50,1808.4146
125.00,57.5656
187.50,62.8396
250.00,141.1607
312.50,133.1974
375.00,23.8696
437.50,29.6867
500.00,14.4071
airflow(m/s),3.01
clocktime,362352

0.00,258.0514
62.50,175.6310
125.00,26.5476
187.50,61.8923
250.00,84.0178
312.50,137.1322
375.00,44.6141
437.50,16.1664
500.00,16.5061
airflow(m/s),2.69
clocktime,364340

0.00,3504.1901
62.50,1820.5954
125.00,293.1909
187.50,40.7247
250.00,88.2790
312.50,99.1296
375.00,31.1343
437.50,9.1706
500.00,17.0422
airflow(m/s),2.57
clocktime,366343

0.00,1449.5754
62.50,1087.6216
125.00,365.3883
187.50,75.0064
250.00,66.9217
312.50,91.1937
375.00,20.0952
437.50,5.0897
500.00,10.7269
airflow(m/s),3.15
clocktime,368333

0.00,2850.1691
62.50,1583.6208
125.00,180.2557
187.50,45.6486
250.00,78.0011
312.50,121.2287
375.00,64.5998
437.50,32.9521
500.00,23.8199
airflow(m/s),2.45
clocktime,370325

0.00,2370.0618
62.50,1077.1337
125.00,147.0340
187.50,169.1880
250.00,93.5736
312.50,95.3541
375.00,30.9016
437.50,22.5901
500.00,8.7856
airflow(m/s),2.45
clocktime,372372

0.00,234.4154
62.50,718.5202
125.00,314.2942
187.50,126.3659
250.00,80.4663
312.50,118.8319
375.00,54.8987
437.50,9.3882
500.00,33.6648
airflow(m/s),2.45
clocktime,374366

0.00,2510.3482
62.50,1071.2807
125.00,77.2550
187.50,25.3828
250.00,92.6806
312.50,122.9487
375.00,27.2752
437.50,2.2671
500.00,11.9981
airflow(m/s),2.39
clocktime,376360

0.00,790.1627
62.50,780.1217
125.00,151.8919
187.50,100.4078
250.00,90.9037
312.50,183.9705
375.00,22.6931
437.50,26.0215
500.00,19.6454
airflow(m/s),2.51
clocktime,378405

0.00,4989.3036
62.50,2514.2541
125.00,149.2983
187.50,63.8540
250.00,62.5030
312.50,112.1185
375.00,35.9050
437.50,20.1170
500.00,16.7541
airflow(m/s),2.45
clocktime,380399

0.00,239.9069
62.50,883.6295
125.00,167.3692
187.50,48.9903
250.00,80.9800
312.50,113.9917
375.00,30.5873
437.50,30.8838
500.00,25.6598
airflow(m/s),2.34
clocktime,382390

0.00,103.4452
62.50,480.6857
125.00,141.0342
187.50,79.5567
250.00,74.7632
312.50,97.3756
375.00,56.7516
437.50,18.3656
500.00,7.9944
airflow(m/s),2.45
clocktime,384432

0.00,417.9362
62.50,1049.1068
125.00,202.2975
187.50,54.9225
250.00,80.4078
312.50,76.2752
375.00,26.6489
437.50,8.6558
500.00,43.0626
airflow(m/s),2.51
clocktime,386422

0.00,1833.7387
62.50,1152.3773
125.00,231.8878
187.50,88.1205
250.00,43.4309
312.50,101.4370
375.00,12.9607
437.50,18.2798
500.00,13.7356
airflow(m/s),2.39
clocktime,388412

0.00,2230.2919
62.50,1273.3700
125.00,234.0465
187.50,67.3535
250.00,109.5519
312.50,108.4639
375.00,60.1397
437.50,15.5589
500.00,6.5285
airflow(m/s),2.51
clocktime,390453

0.00,1720.3536
62.50,1613.3916
125.00,365.1538
187.50,35.3001
250.00,65.2188
312.50,131.3316
375.00,16.9903
437.50,26.9956
500.00,14.8146
airflow(m/s),2.57
clocktime,392443

0.00,2300.2034
62.50,1296.0189
125.00,63.1912
187.50,118.7817
250.00,61.5424
312.50,166.6478
375.00,82.1309
437.50,16.1291
500.00,25.5288
airflow(m/s),2.51
clocktime,394486

0.00,3253.0524
62.50,1427.3324
125.00,151.9709
187.50,258.1139
250.00,78.5237
312.50,140.6775
375.00,58.6430
437.50,21.4194
500.00,14.6667
airflow(m/s),2.45
clocktime,396478

0.00,2321.5568
62.50,1271.2081
125.00,156.7983
187.50,42.1911
250.00,98.2707
312.50,112.1057
375.00,42.5577
437.50,3.2285
500.00,28.2419
airflow(m/s),2.51
clocktime,398470

0.00,1267.1400
62.50,448.7633
125.00,195.0199
187.50,60.3056
250.00,34.8567
312.50,96.7164
375.00,27.5390
437.50,14.8841
500.00,39.1989
airflow(m/s),2.57
clocktime,400516

0.00,77.3201
62.50,485.1132
125.00,80.4669
187.50,101.2323
250.00,115.2610
312.50,105.7992
375.00,49.5072
437.50,23.4806
500.00,17.4987
airflow(m/s),2.51
clocktime,402511

0.00,3421.6203
62.50,1578.7103
125.00,131.1677
187.50,29.6696
250.00,113.6595
312.50,154.8988
375.00,33.8211
437.50,17.6894
500.00,11.6412
airflow(m/s),2.45
clocktime,404505

0.00,1177.2178
62.50,750.9580
125.00,217.8399
187.50,60.9557
250.00,91.3873
312.50,108.4989
375.00,23.7809
437.50,11.9871
500.00,7.5457
airflow(m/s),2.69
clocktime,406548

0.00,703.6737
62.50,422.3915
125.00,106.5046
187.50,25.6414
250.00,16.8107
312.50,85.6374
375.00,32.2825
437.50,14.5711
500.00,9.9964
airflow(m/s),2.69
clocktime,408538

0.00,1321.6776
62.50,927.1042
125.00,312.3173
187.50,196.7915
250.00,96.2939
312.50,107.9883
375.00,62.9377
437.50,20.7197
500.00,32.4654
airflow(m/s),2.57
clocktime,410528

0.00,1838.0415
62.50,1214.0847
125.00,163.9438
187.50,39.8154
250.00,46.2605
312.50,110.6972
375.00,54.6758
437.50,29.8462
500.00,12.7190
airflow(m/s),2.51
clocktime,412570

0.00,1387.5910
62.50,900.1447
125.00,219.3179
187.50,143.4745
250.00,63.3941
312.50,136.5213
375.00,51.4579
437.50,30.6834
500.00,32.9373
airflow(m/s),2.45
clocktime,414560

0.00,1004.9357
62.50,782.3306
125.00,115.2309
187.50,58.6060
250.00,99.8906
312.50,99.7182
375.00,35.3785
437.50,19.5874
500.00,28.1713
airflow(m/s),2.57
clocktime,416602

0.00,3708.0975
62.50,1632.0209
125.00,153.5585
187.50,20.8202
250.00,95.5964
312.50,110.1924
375.00,31.3374
437.50,12.6984
500.00,7.5157
airflow(m/s),2.51
clocktime,418592

0.00,1221.8153
62.50,930.9028
125.00,418.1324
187.50,113.9722
250.00,100.5370
312.50,118.1769
375.00,39.2705
437.50,10.4445
500.00,4.8430
airflow(m/s),2.63
clocktime,420583

0.00,1.4034
62.50,617.1617
125.00,136.3899
187.50,41.0721
250.00,72.6402
312.50,112.5179
375.00,37.6227
437.50,18.9964
500.00,16.1171
airflow(m/s),2.63
clocktime,422628

0.00,561.7268
62.50,556.8973
125.00,163.8906
187.50,86.6284
250.00,74.7674
312.50,91.5764
375.00,43.8134
437.50,5.4942
500.00,27.3316
airflow(m/s),2.63
clocktime,424622

0.00,1438.6405
62.50,957.0252
125.00,179.0481
187.50,212.9023
250.00,126.8835
312.50,123.4796
375.00,35.3661
437.50,22.6925
500.00,17.5001
airflow(m/s),2.63
clocktime,426615

0.00,175.8825
62.50,353.1105
125.00,170.7602
187.50,124.8212
250.00,161.1730
312.50,135.0803
375.00,57.1394
437.50,23.8909
500.00,2.8336
airflow(m/s),2.51
clocktime,428665

0.00,1095.0926
62.50,849.9707
125.00,158.5566
187.50,32.1638
250.00,115.9527
312.50,133.8393
375.00,35.5685
437.50,39.5775
500.00,6.0569
airflow(m/s),2.45
clocktime,430658

0.00,1328.3390
62.50,688.2668
125.00,112.7728
187.50,169.3632
250.00,108.3884
312.50,115.9439
375.00,78.2016
437.50,21.5654
500.00,13.8588
airflow(m/s),2.45
clocktime,432647

0.00,2771.9733
62.50,1703.6421
125.00,327.5313
187.50,8.2333
250.00,80.7832
312.50,113.2860
375.00,18.8391
437.50,26.6979
500.00,27.9252
airflow(m/s),2.63
clocktime,434688

0.00,961.2374
62.50,1323.0520
125.00,410.5154
187.50,38.9353
250.00,102.2599
312.50,102.3437
375.00,41.0572
437.50,21.9681
500.00,29.6341
airflow(m/s),2.63
clocktime,436678

0.00,2026.3793
62.50,869.9357
125.00,48.3273
187.50,46.1488
250.00,92.6624
312.50,108.2010
375.00,31.0896
437.50,30.3340
500.00,18.0571
airflow(m/s),2.45
clocktime,438682

0.00,2353.5645
62.50,1405.7639
125.00,244.6691
187.50,36.2894
250.00,85.0580
312.50,86.0933
375.00,10.5047
437.50,21.5990
500.00,31.8874
airflow(m/s),2.57
clocktime,440671

0.00,387.2453
62.50,1380.2921
125.00,287.7598
187.50,71.7837
250.00,65.5403
312.50,81.2986
375.00,35.6346
437.50,17.0468
500.00,28.4011
airflow(m/s),2.57
clocktime,442660

0.00,818.0315
62.50,588.7167
125.00,72.4388
187.50,68.8820
250.00,37.0862
312.50,120.3273
375.00,48.8140
437.50,13.8046
500.00,17.4689
airflow(m/s),2.51
clocktime,444703

0.00,787.8324
62.50,535.4790
125.00,126.0191
187.50,118.8242
250.00,50.0488
312.50,104.5483
375.00,28.2854
437.50,10.4497
500.00,15.4955
airflow(m/s),2.45
clocktime,446695

0.00,438.9627
62.50,677.3300
125.00,282.9702
187.50,86.2367
250.00,66.8827
312.50,97.2315
375.00,7.0843
437.50,42.0300
500.00,43.1610
airflow(m/s),2.51
clocktime,448688

0.00,552.2051
62.50,442.7180
125.00,250.6891
187.50,144.0443
250.00,91.9660
312.50,102.0299
375.00,22.8763
437.50,26.1912
500.00,13.6160
airflow(m/s),2.69
clocktime,450735

0.00,3081.0398
62.50,1989.8758
125.00,267.3658
187.50,14.4512
250.00,75.2765
312.50,94.6885
375.00,60.9567
437.50,23.4683
500.00,20.6629
airflow(m/s),2.75
clocktime,452729

0.00,1825.1894
62.50,764.5772
125.00,48.5133
187.50,67.5383
250.00,35.3177
312.50,78.3280
375.00,21.4891
437.50,22.5706
500.00,11.4293
airflow(m/s),2.69
clocktime,454722

0.00,1009.5658
62.50,472.2129
125.00,32.6682
187.50,41.6493
250.00,37.6027
312.50,71.1819
375.00,26.1212
437.50,8.4648
500.00,14.9080
airflow(m/s),2.69
clocktime,456764

0.00,2553.3370
62.50,1393.2360
125.00,346.3587
187.50,81.5611
250.00,57.5796
312.50,98.7968
375.00,40.8297
437.50,12.2414
500.00,25.4148
airflow(m/s),2.57
clocktime,458754

0.00,1442.4878
62.50,931.7295
125.00,131.9582
187.50,133.6925
250.00,70.1250
312.50,98.9390
375.00,12.6833
437.50,4.8902
500.00,15.0083
airflow(m/s),2.75
clocktime,460742

0.00,1051.3600
62.50,923.3256
125.00,243.3496
187.50,166.2750
250.00,76.5377
312.50,123.6670
375.00,28.7834
437.50,35.4676
500.00,19.8178
airflow(m/s),2.69
clocktime,462784

0.00,3776.2402
62.50,1777.5222
125.00,205.3727
187.50,26.0945
250.00,68.1704
312.50,94.2353
375.00,29.2058
437.50,8.1519
500.00,5.5445
airflow(m/s),2.51
clocktime,464774

0.00,1257.0555
62.50,928.5796
125.00,215.3065
187.50,81.6856
250.00,79.1587
312.50,85.2117
375.00,20.6789
437.50,12.2652
500.00,16.2654
airflow(m/s),2.51
clocktime,466778

0.00,165.2136
62.50,722.4535
125.00,115.0928
187.50,11.3064
250.00,69.8967
312.50,119.4089
375.00,39.7823
437.50,52.1347
500.00,5.9253
airflow(m/s),2.45
clocktime,468769

0.00,809.8649
62.50,693.6293
125.00,219.8547
187.50,16.0580
250.00,118.4532
312.50,158.9843
375.00,66.8068
437.50,35.3994
500.00,21.3683
airflow(m/s),2.39
clocktime,470762

0.00,1146.6749
62.50,860.2190
125.00,430.1261
187.50,122.3338
250.00,74.1247
312.50,94.3109
375.00,2.6965
437.50,19.1004
500.00,13.7155
airflow(m/s),2.57
clocktime,472807

0.00,1018.3815
62.50,672.3060
125.00,168.4046
187.50,18.9846
250.00,68.3139
312.50,111.4950
375.00,54.2084
437.50,14.7500
500.00,16.8496
airflow(m/s),2.34
clocktime,474801

0.00,3156.1719
62.50,1212.4284
125.00,84.7911
187.50,71.0077
250.00,78.9089
312.50,119.6601
375.00,28.9575
437.50,18.9200
500.00,9.3128
airflow(m/s),2.39
clocktime,476794

0.00,997.6510
62.50,705.8126
125.00,66.7339
187.50,27.9198
250.00,77.5801
312.50,76.8419
375.00,21.3379
437.50,29.2449
500.00,17.2433
airflow(m/s),2.45
clocktime,478841

0.00,1784.9438
62.50,867.6840
125.00,148.0947
187.50,33.5923
250.00,103.4641
312.50,130.2798
375.00,30.1675
437.50,18.8680
500.00,12.4143
airflow(m/s),2.45
clocktime,480833

0.00,2456.0109
62.50,1907.3851
125.00,493.8192
187.50,122.8138
250.00,64.8773
312.50,109.7898
375.00,34.2547
437.50,26.8235
500.00,1.6666
airflow(m/s),2.51
clocktime,482823

0.00,598.5930
62.50,297.3778
125.00,33.0694
187.50,86.3639
250.00,113.1152
312.50,84.2625
375.00,2.9648
437.50,10.5399
500.00,12.6421
airflow(m/s),2.57
clocktime,484865

0.00,619.0208
62.50,574.6105
125.00,201.2322
187.50,21.9811
250.00,35.1328
312.50,62.8716
375.00,41.5541
437.50,49.9885
500.00,30.9835
airflow(m/s),2.69
clocktime,486856

0.00,366.8854
62.50,393.3543
125.00,230.0978
187.50,22.1631
250.00,43.7913
312.50,77.9412
375.00,14.5677
437.50,11.9192
500.00,1.5795
airflow(m/s),2.45
clocktime,488900

0.00,1200.6695
62.50,1339.1823
125.00,480.5975
187.50,82.9115
250.00,45.8160
312.50,57.2254
375.00,9.2555
437.50,37.8661
500.00,11.1832
airflow(m/s),2.63
clocktime,490891

0.00,1586.7235
62.50,1077.1019
125.00,107.0593
187.50,79.2090
250.00,44.2407
312.50,116.2950
375.00,48.7571
437.50,18.4977
500.00,31.0495
airflow(m/s),2.57
clocktime,492882

0.00,2563.3254
62.50,1697.7221
125.00,288.6103
187.50,143.5158
250.00,123.1335
312.50,89.5207
375.00,45.0718
437.50,17.6835
500.00,6.7186
airflow(m/s),2.75
clocktime,494925

0.00,1657.6741
62.50,743.1790
125.00,62.2048
187.50,104.1041
250.00,41.4070
312.50,67.7452
375.00,25.7145
437.50,24.7642
500.00,17.2169
airflow(m/s),2.63
clocktime,496918

0.00,440.4754
62.50,700.2402
125.00,203.5814
187.50,80.2515
250.00,25.8305
312.50,78.1724
375.00,8.5192
437.50,14.9172
500.00,25.8816
airflow(m/s),2.51
clocktime,498912

0.00,2129.2230
62.50,1247.3994
125.00,115.9711
187.50,96.8572
250.00,67.7531
312.50,125.1226
375.00,27.0933
437.50,11.8689
500.00,13.8616
airflow(m/s),2.63
clocktime,500959

0.00,941.4013
62.50,548.5847
125.00,75.0425
187.50,114.7152
250.00,78.1158
312.50,131.4027
375.00,36.2138
437.50,3.5576
500.00,8.7169
airflow(m/s),2.45
clocktime,502953

0.00,2334.7430
62.50,1128.1703
125.00,189.8716
187.50,28.0021
250.00,112.8396
312.50,132.8767
375.00,23.6556
437.50,25.5611
500.00,12.0526
airflow(m/s),2.69
clocktime,504946

0.00,2635.2516
62.50,1089.8760
125.00,123.8138
187.50,38.4458
250.00,71.7653
312.50,113.8531
375.00,38.1408
437.50,28.7287
500.00,11.3274
airflow(m/s),2.45
clocktime,506988

0.00,565.1826
62.50,395.1563
125.00,160.8809
187.50,41.7029
250.00,72.2598
312.50,99.1611
375.00,36.2120
437.50,1.5752
500.00,14.5623
airflow(m/s),2.39
clocktime,508978

0.00,555.5645
62.50,1275.2387
125.00,413.9786
187.50,26.3434
250.00,68.5618
312.50,96.9387
375.00,28.6425
437.50,4.4261
500.00,17.5420
airflow(m/s),2.51
clocktime,510967

0.00,1038.3495
62.50,929.7718
125.00,309.2899
187.50,90.1809
250.00,45.1060
312.50,113.7752
375.00,32.3329
437.50,26.6294
500.00,1.8469
airflow(m/s),2.63
clocktime,513009

0.00,1790.1055
62.50,860.6998
125.00,116.9674
187.50,30.3165
250.00,73.2744
312.50,126.9802
375.00,41.5248
437.50,23.1078
500.00,13.8654
airflow(m/s),2.45
clocktime,515000

0.00,1560.5834
62.50,683.2448
125.00,171.6863
187.50,47.5060
250.00,103.8916
312.50,138.7543
375.00,28.8403
437.50,20.5397
500.00,14.4882
airflow(m/s),2.51
clocktime,517042

0.00,824.8933
62.50,583.1036
125.00,173.5828
187.50,65.4254
250.00,107.1653
312.50,147.4379
375.00,60.8548
437.50,20.1065
500.00,11.5529
airflow(m/s),2.63
clocktime,519033

0.00,1253.7948
62.50,707.1129
125.00,298.4838
187.50,74.9271
250.00,103.7258
312.50,118.0692
375.00,26.9646
437.50,11.0386
500.00,10.5721
airflow(m/s),2.69
clocktime,521027

0.00,1543.5962
62.50,781.3332
125.00,64.1327
187.50,25.4084
250.00,75.4773
312.50,88.6926
375.00,13.9941
437.50,14.2784
500.00,22.6209
airflow(m/s),2.45
clocktime,523072

0.00,462.6214
62.50,678.4911
125.00,323.0351
187.50,88.4531
250.00,104.3677
312.50,121.9404
375.00,44.5761
437.50,9.8739
500.00,20.0857
airflow(m/s),2.51
clocktime,525067

0.00,46.6979
62.50,184.3241
125.00,222.0714
187.50,78.4102
250.00,70.5474
312.50,131.8219
375.00,31.6746
437.50,17.7553
500.00,4.4898
airflow(m/s),2.51
clocktime,527061

0.00,1014.3223
62.50,670.9355
125.00,300.2027
187.50,60.5061
250.00,23.6812
312.50,99.6515
375.00,36.9200
437.50,23.3427
500.00,15.2181
airflow(m/s),2.63
clocktime,529107

0.00,1796.8626
62.50,822.7189
125.00,90.8824
187.50,53.3951
250.00,73.7955
312.50,73.1174
375.00,31.8370
437.50,3.4433
500.00,16.2749
airflow(m/s),2.51
clocktime,531098

0.00,1887.3201
62.50,941.7058
125.00,65.7129
187.50,73.0383
250.00,53.5183
312.50,82.6305
375.00,24.4293
437.50,6.8782
500.00,20.7269
airflow(m/s),2.57
clocktime,533104

0.00,1123.6277
62.50,959.4685
125.00,563.8204
187.50,299.8557
250.00,179.9042
312.50,153.8501
375.00,81.8242
437.50,66.8683
500.00,81.8474
airflow(m/s),2.88
clocktime,535107

0.00,905.8842
62.50,584.1308
125.00,30.4872
187.50,60.7530
250.00,76.2656
312.50,108.7755
375.00,23.9018
437.50,13.9409
500.00,18.1395
airflow(m/s),2.51
clocktime,537097

0.00,795.7065
62.50,523.6500
125.00,222.6620
187.50,52.3645
250.00,79.3830
312.50,78.7102
375.00,17.5169
437.50,8.8808
500.00,11.4648
airflow(m/s),2.45
clocktime,539138

0.00,1621.3912
62.50,1129.8016
125.00,272.1734
187.50,61.8678
250.00,69.2513
312.50,88.0008
375.00,54.6412
437.50,23.7269
500.00,22.0134
airflow(m/s),2.39
clocktime,541128

0.00,2732.9803
62.50,1314.8102
125.00,104.6595
187.50,104.3776
250.00,161.3215
312.50,114.4286
375.00,34.8313
437.50,1.8210
500.00,4.3207
airflow(m/s),2.57
clocktime,543119

0.00,2001.2206
62.50,903.3381
125.00,150.4778
187.50,108.1400
250.00,53.0970
312.50,74.8068
375.00,17.8957
437.50,22.5336
500.00,13.6835
airflow(m/s),2.39
clocktime,545167

0.00,682.0043
62.50,146.8855
125.00,173.6983
187.50,77.4322
250.00,91.3399
312.50,92.5934
375.00,26.3493
437.50,19.5117
500.00,23.0951
airflow(m/s),2.63
clocktime,547160

0.00,2688.3932
62.50,1412.7396
125.00,190.8218
187.50,18.3511
250.00,93.0145
312.50,76.2162
375.00,8.3904
437.50,6.6900
500.00,10.2860
airflow(m/s),2.69
clocktime,549155

0.00,6567.7490
62.50,2947.2752
125.00,214.0539
187.50,89.9855
250.00,75.6216
312.50,136.9614
375.00,15.8745
437.50,9.5459
500.00,18.9939
airflow(m/s),2.39
clocktime,551200

0.00,486.2448
62.50,412.2379
125.00,64.4354
187.50,21.6722
250.00,89.6444
312.50,131.8037
375.00,56.2125
437.50,11.9648
500.00,12.3489
airflow(m/s),2.51
clocktime,553195

0.00,1202.7943
62.50,658.7829
125.00,126.2261
187.50,171.7981
250.00,176.4736
312.50,176.9114
375.00,47.0753
437.50,12.3025
500.00,24.1271
airflow(m/s),2.45
clocktime,555188

0.00,1421.1464
62.50,917.2752
125.00,319.8458
187.50,56.5597
250.00,37.0114
312.50,95.2781
375.00,30.5596
437.50,9.8804
500.00,8.9065
airflow(m/s),2.57
clocktime,557230

0.00,27.0785
62.50,577.0925
125.00,230.9152
187.50,60.6545
250.00,10.7679
312.50,101.2667
375.00,20.6849
437.50,30.2053
500.00,15.1527
airflow(m/s),2.51
clocktime,559219

0.00,3347.6976
62.50,1590.7057
125.00,167.4539
187.50,112.3434
250.00,104.0276
312.50,134.4428
375.00,18.0681
437.50,9.0563
500.00,37.5271
airflow(m/s),2.39
clocktime,561209

0.00,492.2070
62.50,158.9764
125.00,75.0134
187.50,42.7268
250.00,109.6844
312.50,127.7238
375.00,22.2807
437.50,20.9149
500.00,9.9927
airflow(m/s),2.51
clocktime,563251

0.00,5148.1530
62.50,2506.3007
125.00,252.6849
187.50,61.5841
250.00,86.0054
312.50,96.4261
375.00,32.2273
437.50,13.4598
500.00,22.3103
airflow(m/s),2.57
clocktime,565241

0.00,1997.6932
62.50,1276.9562
125.00,270.4688
187.50,80.9301
250.00,52.2982
312.50,75.2083
375.00,21.4116
437.50,21.3770
500.00,4.3364
airflow(m/s),2.63
clocktime,567284

0.00,2232.9998
62.50,1242.8006
125.00,218.2837
187.50,52.5423
250.00,61.3595
312.50,109.7966
375.00,32.3278
437.50,31.9987
500.00,34.7317
airflow(m/s),2.63
clocktime,569307

0.00,1315.3818
62.50,936.3572
125.00,330.4083
187.50,64.4998
250.00,57.9350
312.50,99.8643
375.00,4.3439
437.50,20.3253
500.00,16.5842
airflow(m/s),2.45
clocktime,571301

0.00,2126.5994
62.50,1176.4784
125.00,106.3382
187.50,36.3608
250.00,97.2564
312.50,130.1426
375.00,38.2454
437.50,4.1522
500.00,22.6075
airflow(m/s),2.39
clocktime,573346

0.00,982.3449
62.50,381.7078
125.00,246.0749
187.50,110.9374
250.00,81.6616
312.50,130.9281
375.00,55.1056
437.50,34.4083
500.00,27.2946
airflow(m/s),2.75
clocktime,575341

0.00,1038.6496
62.50,891.0712
125.00,377.2006
187.50,75.3300
250.00,76.3140
312.50,160.6888
375.00,29.2512
437.50,13.6480
500.00,13.0844
airflow(m/s),2.45
clocktime,577335

0.00,1821.7446
62.50,1117.3442
125.00,233.3577
187.50,87.8863
250.00,55.2809
312.50,97.1171
375.00,23.5290
437.50,60.5887
500.00,71.3168
airflow(m/s),2.63
clocktime,579381

0.00,435.4923
62.50,147.5393
125.00,117.1595
187.50,118.3038
250.00,20.2198
312.50,112.3991
375.00,41.8461
437.50,3.0052
500.00,9.7506
airflow(m/s),2.45
clocktime,581371

0.00,356.0583
62.50,376.1484
125.00,172.3141
187.50,74.8460
250.00,69.8503
312.50,100.7342
375.00,29.9010
437.50,25.3121
500.00,24.5135
airflow(m/s),2.82
clocktime,583361

0.00,344.9277
62.50,346.3108
125.00,108.4833
187.50,44.4596
250.00,48.1578
312.50,87.8527
375.00,20.6082
437.50,15.4264
500.00,9.8458
airflow(m/s),2.39
clocktime,585363

0.00,575.7466
62.50,619.1961
125.00,56.8818
187.50,57.4247
250.00,36.4466
312.50,106.5297
375.00,34.5315
437.50,31.0147
500.00,3.8083
airflow(m/s),2.57
clocktime,587354

0.00,382.8332
62.50,629.4262
125.00,272.9130
187.50,14.4182
250.00,31.2593
312.50,68.8773
375.00,33.2983
437.50,11.3610
500.00,26.9637
airflow(m/s),2.69
clocktime,589343

0.00,721.6352
62.50,1328.8992
125.00,420.0434
187.50,45.1315
250.00,14.2912
312.50,86.1703
375.00,36.0382
437.50,17.4351
500.00,15.0367
airflow(m/s),2.45
clocktime,591385

0.00,500.9756
62.50,372.0066
125.00,385.9186
187.50,164.2102
250.00,100.2420
312.50,61.4380
375.00,28.5891
437.50,8.8968
500.00,23.6447
airflow(m/s),2.69
clocktime,593376

0.00,312.5124
62.50,486.0797
125.00,180.5115
187.50,57.3338
250.00,87.9335
312.50,159.9839
375.00,100.0961
437.50,52.8932
500.00,37.4173
airflow(m/s),3.36
clocktime,595421

0.00,12112.2399
62.50,5573.3455
125.00,995.2496
187.50,161.0489
250.00,106.0337
312.50,151.2315
375.00,119.6512
437.50,118.5978
500.00,103.4863
airflow(m/s),2.75
clocktime,597415

0.00,2220.6671
62.50,1017.6767
125.00,126.8203
187.50,44.7601
250.00,22.9292
312.50,10.4308
375.00,66.4565
437.50,31.6823
500.00,4.7541
airflow(m/s),2.88
clocktime,599409

0.00,4904.2919
62.50,2220.6896
125.00,183.1682
187.50,134.0541
250.00,222.7896
312.50,134.4400
375.00,226.9655
437.50,98.3345
500.00,188.5995
airflow(m/s),2.57
clocktime,601456

0.00,1603.6732
62.50,932.8747
125.00,67.7164
187.50,59.0250
250.00,103.6892
312.50,103.6807
375.00,9.9568
437.50,24.9084
500.00,31.4381
airflow(m/s),7.38
clocktime,603452

0.00,272.6587
62.50,641.5849
125.00,337.6428
187.50,94.6850
250.00,103.6227
312.50,100.6239
375.00,5.4430
437.50,15.4391
500.00,8.2118
airflow(m/s),2.75
clocktime,605445

0.00,712.9338
62.50,405.5795
125.00,133.7048
187.50,24.9046
250.00,55.3492
312.50,74.3513
375.00,13.9219
437.50,15.7115
500.00,26.8718
airflow(m/s),2.39
clocktime,607489

0.00,1750.1254
62.50,1265.1765
125.00,1398.3186
187.50,139.9216
250.00,307.2033
312.50,1031.6210
375.00,980.0962
437.50,220.3727
500.00,276.5949
airflow(m/s),3.74
clocktime,609478

0.00,4631.7951
62.50,2177.9956
125.00,153.8335
187.50,107.5343
250.00,96.5887
312.50,136.4486
375.00,39.1943
437.50,13.1387
500.00,25.3940
airflow(m/s),3.74
clocktime,611571

0.00,187.0297
62.50,91.8552
125.00,163.8171
187.50,83.8131
250.00,100.3172
312.50,132.5444
375.00,29.6457
437.50,18.8939
500.00,33.9639
airflow(m/s),2.82
clocktime,613561

0.00,2518.4451
62.50,1351.4174
125.00,123.8887
187.50,146.6020
250.00,99.1988
312.50,146.1538
375.00,53.0105
437.50,16.9376
500.00,6.9100
airflow(m/s),2.28
clocktime,615552

0.00,2297.0591
62.50,1096.7551
125.00,150.0730
187.50,209.4922
250.00,126.0166
312.50,115.7240
375.00,37.9263
437.50,24.3769
500.00,14.8244
airflow(m/s),3.44
clocktime,617620

0.00,944.0447
62.50,567.0857
125.00,162.1938
187.50,60.7552
250.00,78.0503
312.50,82.4802
375.00,25.5129
437.50,26.6239
500.00,8.6462
airflow(m/s),2.82
clocktime,619733

0.00,345.1315
62.50,1097.8637
125.00,308.0533
187.50,144.3519
250.00,85.6280
312.50,160.6688
375.00,110.7996
437.50,34.8189
500.00,24.6978
airflow(m/s),5.87
clocktime,621848

0.00,2188.7978
62.50,1209.5328
125.00,235.4508
187.50,75.2673
250.00,124.0767
312.50,120.2266
375.00,5.7913
437.50,38.9977
500.00,12.9206
airflow(m/s),4.95
clocktime,624016

0.00,625.1699
62.50,417.6755
125.00,165.2300
187.50,65.8081
250.00,121.4776
312.50,160.5256
375.00,74.0440
437.50,45.6956
500.00,28.5589
airflow(m/s),2.17
clocktime,626134

0.00,1451.9106
62.50,951.3992
125.00,258.1312
187.50,36.7501
250.00,103.4494
312.50,152.3716
375.00,87.8090
437.50,61.7306
500.00,92.3048
airflow(m/s),2.75
clocktime,628250

0.00,7029.9263
62.50,3193.1005
125.00,175.7048
187.50,122.9062
250.00,72.1117
312.50,114.1547
375.00,27.0842
437.50,20.3648
500.00,14.5904
airflow(m/s),5.15
clocktime,630417

0.00,10438.8013
62.50,4666.1397
125.00,229.5802
187.50,22.1090
250.00,51.5972
312.50,93.3238
375.00,13.8835
437.50,24.8749
500.00,63.4112
airflow(m/s),5.25
clocktime,632529

0.00,247.0393
62.50,713.7249
125.00,250.2221
187.50,58.5363
250.00,36.1736
312.50,68.7702
375.00,25.4324
437.50,14.4573
500.00,29.4304
airflow(m/s),5.65
clocktime,634640

0.00,1419.1607
62.50,652.0259
125.00,92.5973
187.50,32.5433
250.00,93.0518
312.50,107.7862
375.00,34.7768
437.50,38.7718
500.00,38.0074
airflow(m/s),2.28
clocktime,636804

0.00,1514.4193
62.50,907.6626
125.00,222.3065
187.50,67.3313
250.00,89.5563
312.50,112.2079
375.00,46.8839
437.50,23.6574
500.00,23.1451
airflow(m/s),2.45
clocktime,638917

0.00,29.9173
62.50,229.6715
125.00,77.4284
187.50,141.0765
250.00,48.5512
312.50,101.3928
375.00,32.0384
437.50,40.3498
500.00,18.0066
airflow(m/s),1.73
clocktime,641080

0.00,2719.2527
62.50,1304.0383
125.00,260.2740
187.50,232.0980
250.00,101.9308
312.50,127.0301
375.00,200.0046
437.50,121.5579
500.00,6.4108
airflow(m/s),2.63
clocktime,643193

0.00,2140.1884
62.50,1183.7000
125.00,187.2953
187.50,99.0208
250.00,110.6775
312.50,128.0685
375.00,34.8870
437.50,32.8006
500.00,39.0790
airflow(m/s),2.28
clocktime,645308

0.00,647.6565
62.50,437.0191
125.00,263.0340
187.50,90.4705
250.00,70.4896
312.50,105.2814
375.00,47.4833
437.50,16.8974
500.00,16.4854
airflow(m/s),1.87
clocktime,647476

0.00,1094.5537
62.50,632.4893
125.00,235.3808
187.50,90.7297
250.00,77.0235
312.50,99.4248
375.00,55.2981
437.50,2.1741
500.00,0.9840
airflow(m/s),5.45
clocktime,649592

0.00,492.6514
62.50,512.4820
125.00,238.7473
187.50,50.0234
250.00,110.8274
312.50,142.3580
375.00,28.2947
437.50,2.1819
500.00,12.6880
airflow(m/s),4.86
clocktime,651708

0.00,3006.2713
62.50,1584.9379
125.00,128.7665
187.50,65.2483
250.00,113.2596
312.50,114.9798
375.00,20.2083
437.50,13.5051
500.00,34.8441
airflow(m/s),4.32
clocktime,653877

0.00,458.3580
62.50,965.4800
125.00,255.1622
187.50,84.9934
250.00,58.4252
312.50,70.9317
375.00,17.3752
437.50,24.5172
500.00,33.7208
airflow(m/s),3.90
clocktime,655990

0.00,3485.3780
62.50,1517.8927
125.00,41.1989
187.50,79.0325
250.00,112.8092
312.50,113.2599
375.00,27.8183
437.50,31.6908
500.00,16.5722
airflow(m/s),2.51
clocktime,658102

0.00,925.4861
62.50,397.3969
125.00,92.5900
187.50,90.7591
250.00,41.6876
312.50,73.2261
375.00,10.8392
437.50,11.5711
500.00,9.8444
airflow(m/s),1.92
clocktime,660269

0.00,3653.5472
62.50,1634.7072
125.00,244.6448
187.50,89.4208
250.00,107.8185
312.50,94.4756
375.00,30.1291
437.50,16.5882
500.00,5.4534
airflow(m/s),2.51
clocktime,662381

0.00,2688.8115
62.50,1463.8957
125.00,227.8985
187.50,85.1818
250.00,77.0545
312.50,98.2351
375.00,42.3644
437.50,20.8803
500.00,20.2374
airflow(m/s),3.44
clocktime,664874

0.00,2852.2909
62.50,1674.1158
125.00,248.3308
187.50,63.6610
250.00,70.8269
312.50,139.3077
375.00,57.7286
437.50,11.7963
500.00,31.6759
airflow(m/s),2.51
clocktime,666987

0.00,1666.6419
62.50,1013.3645
125.00,210.8460
187.50,80.1941
250.00,53.2941
312.50,108.2772
375.00,25.9236
437.50,11.9074
500.00,16.8403
airflow(m/s),2.23
clocktime,669100

0.00,3834.2834
62.50,1880.5891
125.00,163.7108
187.50,70.9745
250.00,12.1295
312.50,97.8232
375.00,50.6662
437.50,17.0891
500.00,12.3151
airflow(m/s),2.57
clocktime,671267

0.00,843.0100
62.50,475.8275
125.00,74.5358
187.50,38.4562
250.00,109.5187
312.50,142.1364
375.00,47.4904
437.50,34.7453
500.00,17.8053
airflow(m/s),2.39
clocktime,673383

0.00,2598.7635
62.50,865.0568
125.00,327.8000
187.50,84.7102
250.00,77.4158
312.50,88.4373
375.00,7.1548
437.50,25.3762
500.00,17.1980
airflow(m/s),2.51
clocktime,675500

0.00,2267.8705
62.50,1167.4390
125.00,191.3915
187.50,107.4388
250.00,109.4491
312.50,118.1770
375.00,34.5569
437.50,25.3136
500.00,13.3056
airflow(m/s),2.51
clocktime,677669

0.00,1688.1304
62.50,584.2575
125.00,251.7819
187.50,105.1892
250.00,58.9601
312.50,82.7380
375.00,31.3586
437.50,16.8315
500.00,7.6667
airflow(m/s),2.07
clocktime,679784

0.00,1903.4657
62.50,866.3583
125.00,41.9793
187.50,47.9255
250.00,70.6624
312.50,77.0646
375.00,18.8133
437.50,18.6406
500.00,14.9430
airflow(m/s),2.12
clocktime,681896

0.00,66.1716
62.50,510.1172
125.00,230.0307
187.50,53.1706
250.00,94.4604
312.50,136.5443
375.00,53.2211
437.50,13.0043
500.00,10.6315
airflow(m/s),2.28
clocktime,684060

0.00,484.6052
62.50,459.8385
125.00,272.4941
187.50,99.9510
250.00,44.4844
312.50,71.6431
375.00,18.9362
437.50,39.4987
500.00,18.1529
airflow(m/s),2.39
clocktime,686172

0.00,1229.7459
62.50,725.9063
125.00,169.6585
187.50,86.4956
250.00,75.3402
312.50,115.2580
375.00,50.1826
437.50,32.6511
500.00,20.1188
airflow(m/s),2.39
clocktime,688284

0.00,278.7448
62.50,107.3313
125.00,44.1479
187.50,110.7021
250.00,127.5669
312.50,112.8344
375.00,29.5980
437.50,12.9644
500.00,20.1974
airflow(m/s),2.63
clocktime,690449

0.00,1071.0654
62.50,783.6972
125.00,137.1980
187.50,99.9774
250.00,18.1165
312.50,84.5216
375.00,24.4886
437.50,12.0282
500.00,6.2222
airflow(m/s),3.01
clocktime,692561

0.00,1271.4732
62.50,835.6720
125.00,225.0547
187.50,122.3188
250.00,93.2613
312.50,133.5355
375.00,49.1422
437.50,12.7304
500.00,29.9771
airflow(m/s),2.95
clocktime,694727

0.00,2840.1782
62.50,1389.4145
125.00,118.8244
187.50,133.5174
250.00,75.8547
312.50,63.9101
375.00,28.9288
437.50,17.4269
500.00,17.8370
airflow(m/s),2.75
clocktime,696843

0.00,3817.5136
62.50,1878.7377
125.00,314.4249
187.50,113.6822
250.00,75.0624
312.50,103.8199
375.00,47.7363
437.50,20.6682
500.00,19.0909
airflow(m/s),4.41
clocktime,698959

0.00,291.7173
62.50,374.0333
125.00,137.5810
187.50,54.8474
250.00,92.4803
312.50,106.7957
375.00,4.7600
437.50,14.0170
500.00,16.5732
airflow(m/s),4.23
clocktime,701128

0.00,2097.5699
62.50,1103.7696
125.00,214.2863
187.50,83.2406
250.00,100.5056
312.50,113.7000
375.00,30.4203
437.50,23.5427
500.00,12.4794
airflow(m/s),3.90
clocktime,703245

0.00,2557.6105
62.50,1077.3022
125.00,106.4273
187.50,48.3621
250.00,54.1813
312.50,81.9460
375.00,22.0174
437.50,39.1011
500.00,23.2415
airflow(m/s),5.87
clocktime,705360

0.00,283.1107
62.50,398.4952
125.00,72.9241
187.50,66.4479
250.00,39.4616
312.50,89.2286
375.00,24.6091
437.50,9.4216
500.00,6.5282
airflow(m/s),2.39
clocktime,707526

0.00,2745.3255
62.50,1320.1742
125.00,135.0345
187.50,82.2929
250.00,102.2865
312.50,113.4774
375.00,46.2754
437.50,8.2628
500.00,6.8352
airflow(m/s),5.65
clocktime,709639

0.00,2733.1052
62.50,1488.7022
125.00,323.6267
187.50,114.7964
250.00,55.9907
312.50,104.5032
375.00,17.3900
437.50,9.4569
500.00,8.1282
airflow(m/s),2.07
clocktime,711750

0.00,2574.3170
62.50,1329.8692
125.00,108.3471
187.50,10.6610
250.00,82.3243
312.50,88.9961
375.00,14.8297
437.50,26.6194
500.00,29.3448
airflow(m/s),1.87
clocktime,713914

0.00,3780.9364
62.50,1914.8941
125.00,116.7960
187.50,53.3274
250.00,86.7972
312.50,129.2480
375.00,50.3410
437.50,31.9766
500.00,7.0997
airflow(m/s),4.23
clocktime,716026

0.00,3716.0293
62.50,1622.8920
125.00,40.9559
187.50,52.2076
250.00,39.1799
312.50,75.6880
375.00,20.0396
437.50,7.8572
500.00,17.7107
airflow(m/s),4.41
clocktime,718191

0.00,227.5780
62.50,559.3341
125.00,121.2578
187.50,31.2838
250.00,133.2607
312.50,99.6364
375.00,28.4679
437.50,37.0929
500.00,11.1693
airflow(m/s),3.01
clocktime,720305

0.00,2338.7540
62.50,1215.5373
125.00,266.7974
187.50,13.9980
250.00,75.1244
312.50,129.5275
375.00,56.1525
437.50,13.7436
500.00,9.9704
airflow(m/s),2.51
clocktime,722422

0.00,1285.1999
62.50,557.1055
125.00,135.4390
187.50,118.7554
250.00,22.6401
312.50,91.2007
375.00,24.4733
437.50,10.2650
500.00,18.8032
airflow(m/s),2.51
clocktime,724552

0.00,2629.8065
62.50,1126.1540
125.00,130.9354
187.50,33.9834
250.00,116.3646
312.50,95.6593
375.00,16.2215
437.50,13.7337
500.00,7.8828
airflow(m/s),2.34
clocktime,726670

0.00,1642.9401
62.50,1014.7508
125.00,209.0224
187.50,84.5285
250.00,35.0419
312.50,105.7754
375.00,30.3940
437.50,23.9648
500.00,12.9475
airflow(m/s),3.15
clocktime,728786

0.00,235.9991
62.50,655.9093
125.00,214.9391
187.50,72.2849
250.00,76.3178
312.50,147.6143
375.00,11.4806
437.50,11.0534
500.00,25.1127
airflow(m/s),6.77
clocktime,730950

0.00,3531.2769
62.50,1514.4508
125.00,205.9932
187.50,149.4538
250.00,9.6323
312.50,95.4850
375.00,40.7545
437.50,33.6010
500.00,8.3158
airflow(m/s),2.17
clocktime,733063

0.00,2122.4348
62.50,1189.4396
125.00,47.8126
187.50,87.6457
250.00,20.8163
312.50,65.2804
375.00,20.0454
437.50,9.9592
500.00,14.9440
airflow(m/s),2.34
clocktime,735175

0.00,1913.7473
62.50,1031.9109
125.00,99.8556
187.50,99.0343
250.00,18.2471
312.50,66.0543
375.00,36.9880
437.50,14.9610
500.00,11.3227
airflow(m/s),2.28
clocktime,737338

0.00,1073.0103
62.50,701.0622
125.00,200.8443
187.50,31.5328
250.00,79.4429
312.50,109.9109
375.00,37.3596
437.50,1.9330
500.00,12.7833
airflow(m/s),6.19
clocktime,739450

0.00,3451.6567
62.50,1822.6964
125.00,197.0029
187.50,55.2936
250.00,48.7538
312.50,68.6559
375.00,28.7775
437.50,30.7861
500.00,19.6977
airflow(m/s),7.13
clocktime,741615

0.00,2315.5003
62.50,1063.9898
125.00,8.5274
187.50,41.6244
250.00,128.5509
312.50,146.3654
375.00,38.8988
437.50,27.8117
500.00,26.7183
airflow(m/s),1.97
clocktime,743729

0.00,202.4327
62.50,488.6558
125.00,215.5436
187.50,32.4653
250.00,108.0666
312.50,149.1489
375.00,37.3598
437.50,3.8559
500.00,15.2515
airflow(m/s),6.77
clocktime,745844

0.00,2953.4642
62.50,1168.6509
125.00,283.2856
187.50,138.8362
250.00,93.5985
312.50,125.5089
375.00,33.4717
437.50,17.9185
500.00,14.1709
airflow(m/s),1.87
clocktime,748013

0.00,138.7632
62.50,1040.1123
125.00,286.6306
187.50,35.8552
250.00,74.9937
312.50,95.7865
375.00,39.8701
437.50,16.0559
500.00,29.5209
airflow(m/s),4.77
clocktime,750129

0.00,16.2042
62.50,378.4943
125.00,89.1210
187.50,53.2183
250.00,114.7866
312.50,129.6034
375.00,25.1637
437.50,3.4435
500.00,6.0736
airflow(m/s),2.17
clocktime,752246

0.00,101.8401
62.50,201.3198
125.00,213.6382
187.50,48.6254
250.00,32.0285
312.50,117.6909
375.00,20.3842
437.50,22.4202
500.00,11.2243
airflow(m/s),2.75
clocktime,754414

0.00,498.4032
62.50,558.0482
125.00,71.8379
187.50,80.1708
250.00,100.8429
312.50,134.7227
375.00,52.7833
437.50,12.8759
500.00,10.1825
airflow(m/s),6.31
clocktime,756526

0.00,1307.3092
62.50,727.3360
125.00,35.7255
187.50,101.2041
250.00,66.8042
312.50,104.6919
375.00,33.2139
437.50,14.0422
500.00,14.2201
airflow(m/s),2.34
clocktime,758638

0.00,392.7615
62.50,560.8487
125.00,94.8281
187.50,126.8189
250.00,155.7202
312.50,147.1194
375.00,34.0174
437.50,24.8395
500.00,4.1363
airflow(m/s),2.57
clocktime,760802

0.00,5157.4660
62.50,2611.9863
125.00,240.5794
187.50,19.7443
250.00,75.8493
312.50,147.8453
375.00,32.7197
437.50,14.1171
500.00,10.5783
airflow(m/s),2.95
clocktime,762914

0.00,990.7146
62.50,790.0556
125.00,242.8979
187.50,36.8236
250.00,51.0145
312.50,74.6611
375.00,24.3787
437.50,12.0182
500.00,16.5439
airflow(m/s),2.28
clocktime,765026

0.00,2929.4342
62.50,1351.7928
125.00,139.4401
187.50,92.9389
250.00,73.5202
312.50,101.3009
375.00,44.0431
437.50,9.3105
500.00,22.2582
airflow(m/s),4.86
clocktime,767193

0.00,1064.1186
62.50,687.1800
125.00,186.9033
187.50,57.6383
250.00,52.1928
312.50,104.8649
375.00,42.1847
437.50,20.0585
500.00,17.4639
airflow(m/s),2.28
clocktime,769307

0.00,3488.2202
62.50,1644.8941
125.00,158.4227
187.50,43.5204
250.00,92.6654
312.50,138.6574
375.00,42.8976
437.50,5.4274
500.00,2.6945
airflow(m/s),2.34
clocktime,771475

0.00,2483.9903
62.50,1299.4221
125.00,169.8882
187.50,33.0616
250.00,68.6177
312.50,101.4229
375.00,48.9909
437.50,15.5967
500.00,10.0919
airflow(m/s),6.31
clocktime,773592

0.00,1464.5388
62.50,1070.3785
125.00,159.6690
187.50,6.5824
250.00,118.3515
312.50,124.0092
375.00,49.2677
437.50,9.5531
500.00,9.8617
airflow(m/s),6.54
clocktime,775709

0.00,2879.3302
62.50,1242.7943
125.00,296.4019
187.50,139.1627
250.00,109.9956
312.50,83.7190
375.00,31.1900
437.50,37.5856
500.00,12.4567
airflow(m/s),2.88
clocktime,777877

0.00,650.2126
62.50,492.2665
125.00,112.1936
187.50,62.7966
250.00,91.7995
312.50,131.8033
375.00,35.7078
437.50,5.4589
500.00,9.1685
airflow(m/s),2.28
clocktime,779991

0.00,1909.5009
62.50,1159.4803
125.00,222.2394
187.50,57.7779
250.00,84.9974
312.50,147.4082
375.00,30.2359
437.50,12.4612
500.00,8.5569
airflow(m/s),3.51
clocktime,782103

0.00,4622.4178
62.50,1962.2163
125.00,266.3335
187.50,76.8037
250.00,65.1996
312.50,83.8724
375.00,28.3256
437.50,26.1188
500.00,22.5823
airflow(m/s),2.17
clocktime,784269

0.00,2811.7575
62.50,1660.8830
125.00,355.1225
187.50,120.2116
250.00,110.8572
312.50,93.8027
375.00,27.9216
437.50,20.4425
500.00,46.1737
airflow(m/s),3.59
clocktime,786381

0.00,4892.2591
62.50,2342.0004
125.00,101.1564
187.50,20.9766
250.00,99.6844
312.50,114.1626
375.00,14.1606
437.50,20.3429
500.00,14.7341
airflow(m/s),2.57
clocktime,788493

0.00,1787.1880
62.50,729.0103
125.00,49.9979
187.50,64.0773
250.00,126.2354
312.50,170.1845
375.00,74.4169
437.50,14.8000
500.00,13.5019
airflow(m/s),2.63
clocktime,790656

0.00,2052.0221
62.50,1395.9648
125.00,347.7034
187.50,68.5306
250.00,108.7758
312.50,135.8157
375.00,28.9882
437.50,26.5730
500.00,10.9349
airflow(m/s),2.07
clocktime,792770

0.00,648.9828
62.50,886.3144
125.00,341.5291
187.50,58.3637
250.00,88.8235
312.50,136.7125
375.00,42.4269
437.50,11.0354
500.00,16.7971
airflow(m/s),2.82
clocktime,794937

0.00,827.5675
62.50,612.0140
125.00,102.0363
187.50,75.3457
250.00,98.2650
312.50,118.7135
375.00,44.7361
437.50,12.2687
500.00,33.3440
airflow(m/s),2.51
clocktime,797052

0.00,94.7155
62.50,101.5780
125.00,25.5549
187.50,52.7815
250.00,88.8124
312.50,121.1475
375.00,29.0799
437.50,11.9567
500.00,6.1835
airflow(m/s),7.13
clocktime,799166

0.00,287.9853
62.50,292.1615
125.00,311.8125
187.50,80.5624
250.00,149.5054
312.50,169.8460
375.00,49.5886
437.50,18.4437
500.00,26.1355
airflow(m/s),3.59
clocktime,801334

0.00,964.6552
62.50,782.5450
125.00,156.0286
187.50,48.4773
250.00,103.0038
312.50,131.9263
375.00,9.3908
437.50,7.0292
500.00,5.7579
airflow(m/s),2.82
clocktime,803450

0.00,203.7347
62.50,343.9004
125.00,260.6604
187.50,75.0986
250.00,74.5249
312.50,88.2954
375.00,10.4919
437.50,5.8159
500.00,12.6693
airflow(m/s),2.17
clocktime,805564

0.00,187.2044
62.50,297.2702
125.00,129.9296
187.50,48.3094
250.00,117.0122
312.50,151.5233
375.00,30.0242
437.50,6.5169
500.00,18.7404
airflow(m/s),2.45
clocktime,807728

0.00,441.8738
62.50,685.6190
125.00,181.3632
187.50,44.2250
250.00,96.9837
312.50,161.7971
375.00,74.0535
437.50,9.4526
500.00,26.7905
airflow(m/s),7.38
clocktime,809840

0.00,371.4734
62.50,531.5194
125.00,186.9429
187.50,55.1239
250.00,52.5136
312.50,119.1071
375.00,26.6463
437.50,25.7787
500.00,16.7886
airflow(m/s),7.26
clocktime,811953

0.00,2280.1283
62.50,1262.5759
125.00,140.0942
187.50,24.7489
250.00,73.9357
312.50,141.4261
375.00,40.4341
437.50,37.3196
500.00,16.1232
airflow(m/s),3.29
clocktime,814118

0.00,40.7398
62.50,814.9095
125.00,394.1936
187.50,89.6212
250.00,85.2797
312.50,105.6505
375.00,23.7652
437.50,16.9163
500.00,13.0041
airflow(m/s),1.97
clocktime,816229

0.00,2395.7324
62.50,1392.6313
125.00,63.1399
187.50,43.6831
250.00,66.8348
312.50,105.1379
375.00,26.3178
437.50,17.7150
500.00,15.8275
airflow(m/s),1.97
clocktime,818343

0.00,1512.4731
62.50,788.7496
125.00,147.0657
187.50,82.0915
250.00,89.8029
312.50,141.5238
375.00,37.7984
437.50,19.5564
500.00,30.5183
airflow(m/s),3.29
clocktime,820510

0.00,530.5613
62.50,615.1244
125.00,197.4542
187.50,43.6072
250.00,72.6043
312.50,133.4822
375.00,40.8100
437.50,11.4621
500.00,6.5207
airflow(m/s),1.97
clocktime,822627

0.00,595.0444
62.50,46.2362
125.00,125.4370
187.50,68.8126
250.00,78.4894
312.50,116.0676
375.00,11.4350
437.50,10.6041
500.00,11.4788
airflow(m/s),1.73
clocktime,824799

0.00,2553.0520
62.50,936.1176
125.00,258.1210
187.50,77.6763
250.00,112.1844
312.50,130.5487
375.00,46.4555
437.50,35.8776
500.00,17.9889
airflow(m/s),4.77
clocktime,826917

0.00,847.6506
62.50,789.0580
125.00,309.9275
187.50,90.7691
250.00,27.4424
312.50,112.5407
375.00,19.2898
437.50,10.3812
500.00,4.5185
airflow(m/s),6.19
clocktime,829033

0.00,2233.2953
62.50,1280.3707
125.00,74.1150
187.50,48.4838
250.00,74.5923
312.50,127.0844
375.00,9.9147
437.50,34.3706
500.00,15.9864
airflow(m/s),2.57
clocktime,831196

0.00,446.6681
62.50,628.9138
125.00,212.1029
187.50,111.4448
250.00,141.5869
312.50,139.0220
375.00,73.5036
437.50,45.6002
500.00,17.6345
airflow(m/s),2.82
clocktime,833308

0.00,766.2930
62.50,307.9690
125.00,209.0833
187.50,38.9952
250.00,45.2272
312.50,117.6834
375.00,52.8809
437.50,21.4350
500.00,2.1316
airflow(m/s),2.45
clocktime,835421

0.00,1820.9134
62.50,583.0339
125.00,141.8617
187.50,63.9221
250.00,43.1193
312.50,114.4396
375.00,21.6723
437.50,23.4152
500.00,15.7674
airflow(m/s),3.51
clocktime,837586

0.00,569.3416
62.50,517.6510
125.00,63.7523
187.50,26.1399
250.00,108.5506
312.50,121.2785
375.00,8.4752
437.50,14.7766
500.00,4.0522
airflow(m/s),3.08
clocktime,839698

0.00,327.2911
62.50,297.4404
125.00,74.9961
187.50,31.3361
250.00,102.9012
312.50,167.8626
375.00,68.6768
437.50,17.7356
500.00,25.0267
airflow(m/s),2.75
clocktime,841810

0.00,2510.2075
62.50,1319.5591
125.00,171.0150
187.50,137.8365
250.00,109.7530
312.50,106.5336
375.00,28.8299
437.50,16.5576
500.00,17.4627
airflow(m/s),3.08
clocktime,843938

0.00,882.2483
62.50,775.9424
125.00,178.2665
187.50,106.1202
250.00,107.2574
312.50,103.0842
375.00,26.6561
437.50,46.7512
500.00,16.8687
airflow(m/s),2.88
clocktime,846054

0.00,1214.1811
62.50,916.0227
125.00,243.6919
187.50,85.3450
250.00,45.3541
312.50,97.3064
375.00,29.3256
437.50,38.6653
500.00,13.3466
airflow(m/s),2.45
clocktime,848223

0.00,1136.0345
62.50,523.8603
125.00,232.6274
187.50,34.9672
250.00,108.9400
312.50,122.5122
375.00,47.5939
437.50,16.2257
500.00,26.3573
airflow(m/s),2.57
clocktime,850339

0.00,839.2597
62.50,404.8076
125.00,83.0830
187.50,77.4566
250.00,95.0949
312.50,114.7185
375.00,36.9479
437.50,21.7951
500.00,10.2557
airflow(m/s),2.34
clocktime,852457

0.00,1524.5156
62.50,748.6590
125.00,134.7888
187.50,52.9305
250.00,80.4082
312.50,93.0013
375.00,44.3276
437.50,17.3462
500.00,6.2640
airflow(m/s),2.69
clocktime,854584

0.00,2125.4897
62.50,961.6883
125.00,55.8930
187.50,81.5299
250.00,72.5255
312.50,121.2755
375.00,16.7126
437.50,9.6212
500.00,24.7642
airflow(m/s),2.45
clocktime,856697

0.00,1257.0513
62.50,469.7762
125.00,189.2479
187.50,37.7400
250.00,65.3307
312.50,133.4601
375.00,29.1837
437.50,33.8621
500.00,24.2522
airflow(m/s),2.69
clocktime,858809

0.00,1632.6478
62.50,847.8246
125.00,204.5751
187.50,82.6864
250.00,14.3796
312.50,105.9972
375.00,18.9526
437.50,14.4166
500.00,6.3863
airflow(m/s),2.88
clocktime,860974

0.00,1743.6527
62.50,1249.1878
125.00,298.7854
187.50,44.0181
250.00,96.5395
312.50,96.3955
375.00,27.7388
437.50,5.6409
500.00,17.5417
airflow(m/s),2.39
clocktime,863086

0.00,1192.4027
62.50,795.2517
125.00,88.0380
187.50,123.2966
250.00,135.3799
312.50,131.7776
375.00,43.8819
437.50,11.5649
500.00,22.1407
airflow(m/s),2.82
clocktime,865198

0.00,1603.0131
62.50,1049.3185
125.00,269.3396
187.50,94.6349
250.00,127.2967
312.50,95.2876
375.00,48.9899
437.50,29.9413
500.00,10.1076
airflow(m/s),1.68
clocktime,867364

0.00,1673.8275
62.50,1048.6561
125.00,199.0222
187.50,78.1723
250.00,21.4813
312.50,71.8745
375.00,11.7592
437.50,13.6011
500.00,10.4269
airflow(m/s),5.65
clocktime,869479

0.00,996.8101
62.50,494.3879
125.00,25.9398
187.50,126.6486
250.00,143.8121
312.50,156.9064
375.00,33.2800
437.50,3.1904
500.00,25.3645
airflow(m/s),1.97
clocktime,871596

0.00,677.2542
62.50,652.7884
125.00,74.6929
187.50,48.3534
250.00,82.8240
312.50,96.6141
375.00,20.9758
437.50,27.4236
500.00,5.5566
airflow(m/s),2.69
clocktime,873765

0.00,2174.6761
62.50,1007.9227
125.00,77.3458
187.50,79.4725
250.00,90.5899
312.50,86.1415
375.00,32.3365
437.50,13.8382
500.00,13.5361
airflow(m/s),2.75
clocktime,875883

0.00,570.7298
62.50,766.4088
125.00,86.2175
187.50,48.9433
250.00,69.3896
312.50,85.8241
375.00,34.9103
437.50,46.9086
500.00,18.9509
airflow(m/s),2.82
clocktime,878051

0.00,252.9804
62.50,693.2936
125.00,213.0720
187.50,78.1875
250.00,128.6328
312.50,124.6425
375.00,27.5647
437.50,6.4154
500.00,15.0412
airflow(m/s),3.66
clocktime,880164

0.00,197.2061
62.50,931.6238
125.00,393.4447
187.50,75.1468
250.00,42.5600
312.50,79.2731
375.00,6.9482
437.50,24.3693
500.00,18.6438
airflow(m/s),2.51
clocktime,882277

0.00,1575.8047
62.50,1019.8076
125.00,193.4542
187.50,109.7241
250.00,39.4090
312.50,82.4661
375.00,21.1051
437.50,11.0805
500.00,18.8684
airflow(m/s),2.57
clocktime,884440

0.00,132.8516
62.50,330.1801
125.00,77.0700
187.50,13.5611
250.00,79.0422
312.50,92.8652
375.00,21.8321
437.50,21.3216
500.00,18.2587
airflow(m/s),1.68
clocktime,886553

0.00,1120.9175
62.50,1108.6677
125.00,320.1847
187.50,92.7871
250.00,59.5991
312.50,107.5004
375.00,52.3502
437.50,20.1332
500.00,17.8966
airflow(m/s),1.87
clocktime,888666

0.00,2857.8724
62.50,1632.2445
125.00,346.5965
187.50,33.5929
250.00,87.6716
312.50,72.9679
375.00,14.5424
437.50,23.4796
500.00,15.7355
airflow(m/s),6.08
clocktime,890834

0.00,1453.2393
62.50,938.7919
125.00,194.8158
187.50,98.8148
250.00,110.1902
312.50,125.3509
375.00,49.6639
437.50,15.9448
500.00,14.9952
airflow(m/s),4.77
clocktime,892948

0.00,411.9232
62.50,776.8185
125.00,42.9320
187.50,75.7073
250.00,38.2907
312.50,76.6604
375.00,49.5520
437.50,24.0615
500.00,19.8220
airflow(m/s),3.44
clocktime,895063

0.00,2753.2202
62.50,1350.4270
125.00,165.8518
187.50,77.0448
250.00,93.9394
312.50,122.7598
375.00,43.2358
437.50,2.3307
500.00,11.7800
airflow(m/s),2.51
clocktime,897232

0.00,1814.0869
62.50,1015.4143
125.00,287.9920
187.50,100.8462
250.00,99.5552
312.50,147.2423
375.00,22.3296
437.50,15.7063
500.00,2.3738
airflow(m/s),2.95
clocktime,899350

0.00,1658.9687
62.50,875.4988
125.00,77.2877
187.50,7.0404
250.00,120.3945
312.50,152.5466
375.00,33.5883
437.50,11.4245
500.00,13.7444
airflow(m/s),2.45
clocktime,901519

0.00,19.5963
62.50,152.7869
125.00,152.8421
187.50,72.1347
250.00,81.1477
312.50,97.3913
375.00,26.3878
437.50,16.6271
500.00,12.0951
airflow(m/s),2.75
clocktime,903634

0.00,472.2820
62.50,584.7592
125.00,156.1497
187.50,96.4273
250.00,100.5691
312.50,139.5191
375.00,44.9859
437.50,8.0597
500.00,20.6994
airflow(m/s),7.13
clocktime,905746

0.00,1.4603
62.50,483.8181
125.00,228.4843
187.50,65.7228
250.00,118.9493
312.50,110.1099
375.00,31.2027
437.50,26.4560
500.00,12.9580
airflow(m/s),3.90
clocktime,907911

0.00,652.0289
62.50,279.5722
125.00,117.5444
187.50,68.8834
250.00,85.7429
312.50,119.7179
375.00,8.9569
437.50,1.9667
500.00,15.8563
airflow(m/s),1.82
clocktime,910023

0.00,754.6676
62.50,1417.4232
125.00,264.6833
187.50,27.3901
250.00,111.1795
312.50,108.9041
375.00,55.3919
437.50,28.2441
500.00,18.4047
airflow(m/s),1.92
clocktime,912136

0.00,126.8819
62.50,899.9041
125.00,200.0749
187.50,84.8548
250.00,62.7630
312.50,101.5600
375.00,51.3813
437.50,10.1943
500.00,16.2464
airflow(m/s),2.75
clocktime,914300

0.00,1154.4559
62.50,689.4464
125.00,198.9241
187.50,124.0473
250.00,67.0102
312.50,85.7209
375.00,24.6027
437.50,16.8591
500.00,23.5207
airflow(m/s),2.63
clocktime,916412

0.00,1131.5667
62.50,523.1286
125.00,200.2003
187.50,73.5359
250.00,103.6621
312.50,154.2358
375.00,32.8471
437.50,12.0065
500.00,5.1312
airflow(m/s),6.54
clocktime,918527

0.00,4223.2869
62.50,2134.1254
125.00,155.9600
187.50,15.6082
250.00,50.2499
312.50,127.8516
375.00,57.3019
437.50,24.1357
500.00,9.7401
airflow(m/s),2.69
clocktime,920695

0.00,859.2968
62.50,602.9548
125.00,212.6333
187.50,88.6894
250.00,72.8851
312.50,118.7592
375.00,25.3863
437.50,2.9437
500.00,12.9701
airflow(m/s),3.08
clocktime,922813

0.00,1341.9042
62.50,1298.1097
125.00,396.7452
187.50,37.6567
250.00,78.9107
312.50,108.5228
375.00,40.1227
437.50,18.8828
500.00,5.9194
airflow(m/s),1.77
clocktime,924930

0.00,634.9458
62.50,713.1108
125.00,296.0998
187.50,44.1427
250.00,103.1526
312.50,157.8155
375.00,56.7408
437.50,10.4677
500.00,16.5172
airflow(m/s),2.57
clocktime,927099

0.00,3296.6486
62.50,1674.9878
125.00,210.6174
187.50,28.9766
250.00,100.1568
312.50,166.7031
375.00,39.5117
437.50,20.5414
500.00,12.6652
airflow(m/s),2.75
clocktime,929214

0.00,1645.0648
62.50,820.6913
125.00,161.0368
187.50,49.3135
250.00,84.4433
312.50,126.2091
375.00,57.6662
437.50,8.5787
500.00,16.0231
airflow(m/s),2.57
clocktime,931378

0.00,1573.9002
62.50,1417.8603
125.00,271.3168
187.50,74.3981
250.00,42.3867
312.50,97.4113
375.00,47.4058
437.50,26.8358
500.00,10.7300
airflow(m/s),2.51
clocktime,933490

0.00,775.7343
62.50,847.2766
125.00,198.2418
187.50,28.1807
250.00,73.8816
312.50,93.9005
375.00,39.4915
437.50,16.0126
500.00,26.9613
airflow(m/s),2.45
clocktime,935602

0.00,924.6458
62.50,566.0528
125.00,185.3433
187.50,17.3168
250.00,80.9251
312.50,141.3051
375.00,24.7761
437.50,7.1453
500.00,15.8154
airflow(m/s),2.63
clocktime,937767

0.00,3672.8787
62.50,1920.5522
125.00,180.3046
187.50,44.7671
250.00,107.4545
312.50,134.5565
375.00,34.2909
437.50,17.0104
500.00,20.4443
airflow(m/s),3.44
clocktime,939880

0.00,1363.4890
62.50,860.1186
125.00,211.2063
187.50,106.3545
250.00,119.6141
312.50,143.3928
375.00,20.7397
437.50,15.3809
500.00,7.5051
airflow(m/s),6.89
clocktime,941993

0.00,221.2408
62.50,235.7907
125.00,94.8965
187.50,42.2968
250.00,92.1626
312.50,110.7440
375.00,34.6289
437.50,13.3861
500.00,19.6076
airflow(m/s),4.49
clocktime,944161

0.00,581.1309
62.50,319.1572
125.00,125.1262
187.50,65.3035
250.00,126.2574
312.50,105.5682
375.00,37.0552
437.50,24.3437
500.00,26.0842
airflow(m/s),2.45
clocktime,946277

0.00,3141.2763
62.50,1537.0418
125.00,233.9781
187.50,72.6997
250.00,73.3681
312.50,66.2916
375.00,23.0550
437.50,21.1967
500.00,11.4092
airflow(m/s),2.51
clocktime,948395

0.00,2250.9096
62.50,1581.9140
125.00,297.7527
187.50,94.4321
250.00,94.1022
312.50,122.2831
375.00,66.4155
437.50,6.3099
500.00,21.6138
airflow(m/s),1.68
clocktime,950568

0.00,1283.4040
62.50,619.6110
125.00,66.8029
187.50,83.2721
250.00,77.7766
312.50,128.6983
375.00,61.1536
437.50,27.5638
500.00,7.8065
airflow(m/s),5.87
clocktime,952684

0.00,330.2987
62.50,312.5537
125.00,165.0675
187.50,81.8071
250.00,67.0393
312.50,79.8841
375.00,26.0534
437.50,16.2928
500.00,10.2419
airflow(m/s),6.42
clocktime,954849

0.00,1114.0568
62.50,570.9635
125.00,144.5723
187.50,220.7854
250.00,491.0443
312.50,438.7725
375.00,80.1213
437.50,81.0642
500.00,34.3334
airflow(m/s),2.75
clocktime,957369

0.00,1246.0257
62.50,1081.8803
125.00,183.7426
187.50,21.6123
250.00,107.4395
312.50,149.5965
375.00,53.5312
437.50,9.3769
500.00,20.9249
airflow(m/s),5.45
clocktime,959481

0.00,248.9232
62.50,508.9597
125.00,211.3707
187.50,18.9029
250.00,144.6595
312.50,192.8164
375.00,89.9128
437.50,37.5946
500.00,5.2596
airflow(m/s),4.86
clocktime,961646

0.00,1197.5055
62.50,544.3527
125.00,187.1342
187.50,84.2965
250.00,98.7027
312.50,136.9362
375.00,49.9280
437.50,30.5606
500.00,20.5913
airflow(m/s),2.17
clocktime,963759

0.00,2477.2135
62.50,1355.1405
125.00,184.8920
187.50,22.6955
250.00,92.6531
312.50,135.6725
375.00,29.9082
437.50,11.6187
500.00,6.7022
airflow(m/s),5.97
clocktime,965871

0.00,2740.8950
62.50,994.4442
125.00,206.1324
187.50,77.3035
250.00,120.1664
312.50,106.3789
375.00,43.0178
437.50,19.8511
500.00,9.8211
airflow(m/s),4.06
clocktime,968037

0.00,232.8348
62.50,64.2668
125.00,67.9667
187.50,36.0430
250.00,82.0986
312.50,108.7137
375.00,8.9396
437.50,28.2877
500.00,7.9930
airflow(m/s),5.35
clocktime,970154

0.00,1881.7287
62.50,1144.2392
125.00,209.1468
187.50,88.2347
250.00,83.2198
312.50,139.1450
375.00,50.4642
437.50,7.5085
500.00,16.1820
airflow(m/s),2.75
clocktime,972270

0.00,1408.9944
62.50,823.8740
125.00,286.8281
187.50,124.4433
250.00,36.8583
312.50,50.3572
375.00,24.3231
437.50,11.1619
500.00,10.4002
airflow(m/s),2.63
clocktime,974440

0.00,1219.5776
62.50,432.4951
125.00,132.7996
187.50,36.4674
250.00,46.5291
312.50,86.1844
375.00,48.9033
437.50,11.5739
500.00,5.0724
airflow(m/s),2.57
clocktime,976558

0.00,2872.2901
62.50,1459.3610
125.00,153.0306
187.50,62.3830
250.00,48.1273
312.50,45.9923
375.00,4.6580
437.50,9.2787
500.00,10.8751
airflow(m/s),2.17
clocktime,978673

0.00,1150.3940
62.50,658.1000
125.00,223.8092
187.50,125.2714
250.00,74.1364
312.50,92.5232
375.00,25.3768
437.50,18.5453
500.00,18.7531
airflow(m/s),2.17
clocktime,980837

0.00,1280.7478
62.50,890.7194
125.00,156.9194
187.50,48.5533
250.00,48.0330
312.50,82.9308
375.00,18.6983
437.50,11.5486
500.00,16.5464
airflow(m/s),2.69
clocktime,982949

0.00,898.6557
62.50,699.3134
125.00,294.1401
187.50,75.3672
250.00,84.8015
312.50,125.4327
375.00,58.7758
437.50,24.1310
500.00,17.3291
airflow(m/s),2.82
clocktime,985113

0.00,2177.5949
62.50,1101.4508
125.00,47.4043
187.50,65.1121
250.00,58.6081
312.50,95.1276
375.00,11.1401
437.50,32.3005
500.00,19.4999
airflow(m/s),2.63
clocktime,987223

0.00,83.0272
62.50,491.9511
125.00,258.6128
187.50,72.4264
250.00,72.5769
312.50,111.1418
375.00,53.8367
437.50,13.5534
500.00,3.4379
airflow(m/s),1.87
clocktime,989333

0.00,366.2963
62.50,484.0327
125.00,190.3905
187.50,37.5511
250.00,79.1556
312.50,77.8916
375.00,25.4015
437.50,14.1636
500.00,25.1836
airflow(m/s),2.82
clocktime,991498

0.00,88.6732
62.50,423.0768
125.00,84.4309
187.50,91.0656
250.00,103.9126
312.50,108.3873
375.00,10.5208
437.50,46.1287
500.00,17.3751
airflow(m/s),2.45
clocktime,993614

0.00,576.0833
62.50,202.9507
125.00,239.6626
187.50,101.4132
250.00,119.0714
312.50,134.8923
375.00,51.9547
437.50,24.1367
500.00,10.4787
airflow(m/s),6.77
clocktime,995732

0.00,1519.3760
62.50,934.6967
125.00,128.3262
187.50,116.2309
250.00,38.9967
312.50,108.5445
375.00,28.2333
437.50,22.2319
500.00,14.5150
airflow(m/s),2.45
clocktime,997901

0.00,432.4269
62.50,704.0685
125.00,233.1102
187.50,85.6425
250.00,134.6537
312.50,114.6423
375.00,19.2972
437.50,18.8979
500.00,7.7371
airflow(m/s),2.51
clocktime,1000019

0.00,1860.9086
62.50,832.7020
125.00,96.7743
187.50,66.3693
250.00,49.5109
312.50,107.1222
375.00,21.3035
437.50,3.8127
500.00,18.5059
airflow(m/s),2.39
clocktime,1002135

0.00,1053.1456
62.50,416.1081
125.00,172.8513
187.50,99.9995
250.00,60.9051
312.50,132.9745
375.00,17.0940
437.50,9.9456
500.00,6.5117
airflow(m/s),2.34
clocktime,1004264

0.00,1547.8021
62.50,556.7595
125.00,211.8546
187.50,2.2148
250.00,65.8383
312.50,159.4663
375.00,67.9953
437.50,33.6885
500.00,17.6822
airflow(m/s),2.51
clocktime,1006376

0.00,769.4561
62.50,761.8978
125.00,314.5919
187.50,90.2924
250.00,83.7362
312.50,98.1707
375.00,17.6501
437.50,19.1130
500.00,19.6464
airflow(m/s),2.63
clocktime,1008541

0.00,167.4099
62.50,228.6847
125.00,65.1472
187.50,42.4612
250.00,75.0280
312.50,138.7481
375.00,55.5580
437.50,19.1778
500.00,23.5665
airflow(m/s),2.69
clocktime,1010653

0.00,786.8548
62.50,350.4041
125.00,104.4957
187.50,57.4294
250.00,103.1899
312.50,137.9012
375.00,33.2538
437.50,2.4168
500.00,21.4232
airflow(m/s),2.45
clocktime,1012765

0.00,276.5848
62.50,566.8751
125.00,98.5567
187.50,61.6773
250.00,76.9139
312.50,98.3937
375.00,30.1690
437.50,18.4930
500.00,11.2638
airflow(m/s),2.39
clocktime,1014934

0.00,202.8672
62.50,236.9529
125.00,369.9250
187.50,64.4070
250.00,144.4498
312.50,158.7151
375.00,26.1831
437.50,10.2321
500.00,10.1748
airflow(m/s),2.45
clocktime,1017048

0.00,4347.7279
62.50,2102.3651
125.00,222.1053
187.50,25.5210
250.00,28.9887
312.50,70.9140
375.00,31.0852
437.50,31.3124
500.00,20.9033
airflow(m/s),6.42
clocktime,4813

0.00,1825.8167
62.50,1188.5050
125.00,331.9502
187.50,19.8431
250.00,45.6626
312.50,33.8976
375.00,22.8306
437.50,11.2880
500.00,10.4995
airflow(m/s),1.97
clocktime,6930
