0.00,79941.2798
62.50,34648.7773
125.00,429.6130
187.50,68.6874
250.00,31.7149
312.50,4.8998
375.00,50.2472
437.50,8.0781
500.00,20.6342
airflow(m/s),2.95
clocktime,3295

0.00,2114.9983
62.50,554.7465
125.00,381.3146
187.50,38.2532
250.00,24.3708
312.50,23.2175
375.00,5.8299
437.50,3.3815
500.00,23.8418
airflow(m/s),3.01
clocktime,5164

0.00,495.1606
62.50,413.3139
125.00,140.1066
187.50,76.2139
250.00,24.2963
312.50,26.7587
375.00,28.3053
437.50,13.2393
500.00,8.0587
airflow(m/s),2.12
clocktime,7089

0.00,1223.3977
62.50,770.6005
125.00,246.7365
187.50,32.2591
250.00,53.6402
312.50,37.5868
375.00,25.7811
437.50,9.1260
500.00,14.5059
airflow(m/s),2.69
clocktime,9082

0.00,1480.0122
62.50,688.4821
125.00,137.3055
187.50,48.1875
250.00,31.7377
312.50,31.4699
375.00,23.9235
437.50,23.5588
500.00,10.2591
airflow(m/s),2.57
clocktime,11074

0.00,324.9332
62.50,308.0001
125.00,416.0272
187.50,101.8420
250.00,1.8032
312.50,26.8835
375.00,9.3087
437.50,10.4316
500.00,14.0258
airflow(m/s),2.88
clocktime,13120

0.00,502.4506
62.50,326.2733
125.00,114.1645
187.50,26.4158
250.00,48.2669
312.50,56.2207
375.00,19.1486
437.50,5.3955
500.00,5.4676
airflow(m/s),2.51
clocktime,15114

0.00,1683.1665
62.50,1609.3930
125.00,374.3800
187.50,73.8914
250.00,51.8970
312.50,29.4863
375.00,26.1572
437.50,28.9927
500.00,10.3826
airflow(m/s),2.45
clocktime,17104

0.00,2222.1798
62.50,1198.9987
125.00,154.4579
187.50,22.1762
250.00,17.9934
312.50,24.7219
375.00,12.4380
437.50,16.1053
500.00,17.3301
airflow(m/s),2.63
clocktime,19144

0.00,3759.7118
62.50,1505.1864
125.00,97.9154
187.50,45.7227
250.00,36.0654
312.50,33.3798
375.00,22.4553
437.50,16.8397
500.00,27.9328
airflow(m/s),2.51
clocktime,21133

0.00,720.0525
62.50,910.4948
125.00,307.0158
187.50,48.3074
250.00,44.1392
312.50,64.1285
375.00,16.4887
437.50,23.7077
500.00,2.7362
airflow(m/s),2.57
clocktime,23123

0.00,925.1227
62.50,675.9690
125.00,294.4707
187.50,82.0417
250.00,67.3226
312.50,58.6351
375.00,33.4155
437.50,9.6617
500.00,21.5064
airflow(m/s),2.34
clocktime,25125

0.00,203.7255
62.50,103.0509
125.00,146.4671
187.50,84.8422
250.00,23.8721
312.50,23.1877
375.00,19.9784
437.50,15.8100
500.00,19.0029
airflow(m/s),2.28
clocktime,27114

0.00,532.1918
62.50,835.4543
125.00,217.4337
187.50,81.1600
250.00,60.4577
312.50,8.6706
375.00,13.0532
437.50,18.4380
500.00,8.2386
airflow(m/s),2.34
clocktime,29104

0.00,1712.7810
62.50,870.1467
125.00,160.4164
187.50,81.1608
250.00,26.5636
312.50,85.6152
375.00,10.0961
437.50,11.5618
500.00,21.9930
airflow(m/s),2.07
clocktime,31147

0.00,6276.3243
62.50,3016.7623
125.00,276.8598
187.50,23.2980
250.00,16.2821
312.50,1.5297
375.00,12.4678
437.50,36.7783
500.00,14.3971
airflow(m/s),2.23
clocktime,33139

0.00,3184.7086
62.50,1437.7836
125.00,131.1318
187.50,116.8025
250.00,36.2861
312.50,20.9745
375.00,5.8953
437.50,23.7207
500.00,18.9610
airflow(m/s),2.23
clocktime,35183

0.00,720.4375
62.50,792.5977
125.00,99.4364
187.50,24.2886
250.00,28.0569
312.50,72.6873
375.00,26.0662
437.50,28.7601
500.00,9.0189
airflow(m/s),2.34
clocktime,37177

0.00,2037.6125
62.50,975.0496
125.00,244.7315
187.50,35.6039
250.00,67.7888
312.50,28.0879
375.00,37.2927
437.50,26.9781
500.00,16.8522
airflow(m/s),2.17
clocktime,39171

0.00,452.0162
62.50,703.7077
125.00,144.7500
187.50,55.3356
250.00,26.8776
312.50,67.9622
375.00,8.1138
437.50,4.1724
500.00,19.6943
airflow(m/s),2.23
clocktime,41213

0.00,37.6697
62.50,387.7322
125.00,74.5595
187.50,45.9027
250.00,40.8354
312.50,33.1910
375.00,14.4270
437.50,18.6880
500.00,11.3286
airflow(m/s),2.23
clocktime,43201

0.00,810.6679
62.50,620.8529
125.00,125.2890
187.50,13.9474
250.00,23.4727
312.50,16.1787
375.00,33.7943
437.50,20.4847
500.00,4.2124
airflow(m/s),2.34
clocktime,45190

0.00,3201.5623
62.50,1629.4029
125.00,296.3618
187.50,51.0794
250.00,28.8288
312.50,32.3129
375.00,23.2364
437.50,20.0413
500.00,21.3962
airflow(m/s),2.45
clocktime,47231

0.00,165.0223
62.50,720.5312
125.00,216.6255
187.50,59.7401
250.00,50.1616
312.50,18.5939
375.00,23.5220
437.50,18.0274
500.00,17.1472
airflow(m/s),2.45
clocktime,49221

0.00,2297.3078
62.50,1221.2003
125.00,141.0512
187.50,15.0488
250.00,28.3069
312.50,3.5532
375.00,4.5761
437.50,16.8176
500.00,6.0300
airflow(m/s),2.57
clocktime,51210

0.00,782.9058
62.50,128.2998
125.00,176.2191
187.50,43.7414
250.00,39.5868
312.50,72.1919
375.00,71.3562
437.50,23.7433
500.00,13.8519
airflow(m/s),2.75
clocktime,53213

0.00,2536.2356
62.50,1048.3543
125.00,433.1366
187.50,110.3687
250.00,35.0921
312.50,31.3047
375.00,21.7599
437.50,13.4016
500.00,23.4836
airflow(m/s),2.63
clocktime,55204

0.00,857.7784
62.50,834.0284
125.00,344.0332
187.50,25.3070
250.00,55.5169
312.50,25.9689
375.00,19.6265
437.50,7.4298
500.00,8.9346
airflow(m/s),2.88
clocktime,57195

0.00,755.4619
62.50,670.8520
125.00,140.6964
187.50,91.1608
250.00,31.5108
312.50,41.4863
375.00,28.4782
437.50,23.7624
500.00,21.9193
airflow(m/s),4.77
clocktime,59240

0.00,907.0320
62.50,744.9987
125.00,86.2389
187.50,27.3711
250.00,15.6093
312.50,73.5542
375.00,20.4905
437.50,28.0976
500.00,15.6050
airflow(m/s),2.69
clocktime,61235

0.00,1013.1189
62.50,688.1127
125.00,187.3706
187.50,26.7502
250.00,35.0494
312.50,32.4631
375.00,8.8430
437.50,5.8455
500.00,9.5233
airflow(m/s),3.22
clocktime,63228

0.00,407.3223
62.50,344.6827
125.00,111.7040
187.50,30.1367
250.00,8.4723
312.50,43.2984
375.00,29.3636
437.50,8.9935
500.00,8.8146
airflow(m/s),4.67
clocktime,65272

0.00,1552.9033
62.50,934.3269
125.00,187.4575
187.50,39.8595
250.00,56.4601
312.50,4.0997
375.00,15.4697
437.50,10.1671
500.00,3.8783
airflow(m/s),3.66
clocktime,67261

0.00,1160.0642
62.50,941.1787
125.00,313.2770
187.50,51.4383
250.00,24.3632
312.50,28.0418
375.00,19.8348
437.50,1.9206
500.00,22.7062
airflow(m/s),3.08
clocktime,69306

0.00,633.0544
62.50,855.0935
125.00,157.6626
187.50,164.5450
250.00,48.6478
312.50,32.8716
375.00,19.8745
437.50,22.2663
500.00,14.5371
airflow(m/s),2.57
clocktime,71295

0.00,854.3972
62.50,441.7088
125.00,73.7297
187.50,60.0975
250.00,86.5246
312.50,42.5937
375.00,28.4704
437.50,19.3692
500.00,20.0894
airflow(m/s),2.63
clocktime,73283

0.00,482.4311
62.50,269.9512
125.00,83.7232
187.50,36.0682
250.00,62.9224
312.50,32.2209
375.00,13.8016
437.50,19.5988
500.00,14.2085
airflow(m/s),2.57
clocktime,75324

0.00,54.0329
62.50,74.8441
125.00,209.3432
187.50,137.3169
250.00,58.9095
312.50,52.5144
375.00,32.8630
437.50,26.2942
500.00,23.9660
airflow(m/s),2.51
clocktime,77313

0.00,4345.5993
62.50,2225.6013
125.00,210.9986
187.50,51.6151
250.00,60.4515
312.50,59.6920
375.00,16.9310
437.50,7.6918
500.00,27.8269
airflow(m/s),2.69
clocktime,79305

0.00,2126.8448
62.50,1244.4750
125.00,314.6051
187.50,27.9669
250.00,26.5533
312.50,36.1609
375.00,15.1528
437.50,26.8373
500.00,11.7406
airflow(m/s),2.75
clocktime,81349

0.00,2379.1177
62.50,1349.6270
125.00,197.1297
187.50,64.6217
250.00,62.1222
312.50,41.1031
375.00,18.2957
437.50,16.0520
500.00,17.6104
airflow(m/s),3.51
clocktime,83342

0.00,123.0228
62.50,288.5714
125.00,236.3068
187.50,96.1111
250.00,50.1764
312.50,19.1184
375.00,22.2348
437.50,16.0948
500.00,31.2986
airflow(m/s),2.95
clocktime,85334

0.00,2911.0408
62.50,1242.1456
125.00,42.4634
187.50,131.8548
250.00,116.1027
312.50,79.2144
375.00,15.6370
437.50,13.9611
500.00,12.5154
airflow(m/s),2.88
clocktime,87380

0.00,3224.7979
62.50,1506.3598
125.00,285.2157
187.50,117.7361
250.00,49.7033
312.50,60.5213
375.00,33.6926
437.50,20.4380
500.00,17.6701
airflow(m/s),2.82
clocktime,89372

0.00,1114.8940
62.50,605.0776
125.00,143.4359
187.50,113.5451
250.00,37.6915
312.50,61.3646
375.00,12.1327
437.50,5.8720
500.00,24.0946
airflow(m/s),2.51
clocktime,91361

0.00,3702.6728
62.50,1974.7471
125.00,228.6311
187.50,70.1003
250.00,86.0916
312.50,61.7612
375.00,10.3983
437.50,10.0204
500.00,25.5076
airflow(m/s),2.69
clocktime,93401

0.00,1276.3734
62.50,538.8082
125.00,60.8336
187.50,48.2813
250.00,64.7368
312.50,36.8469
375.00,18.3786
437.50,14.8894
500.00,12.0416
airflow(m/s),2.75
clocktime,95391

0.00,295.5570
62.50,317.6234
125.00,180.4360
187.50,132.7667
250.00,78.5232
312.50,36.9347
375.00,22.8539
437.50,24.3416
500.00,4.8529
airflow(m/s),7.13
clocktime,97431

0.00,807.8833
62.50,716.3599
125.00,129.3025
187.50,106.3111
250.00,66.7516
312.50,24.8610
375.00,9.7222
437.50,11.8961
500.00,10.7941
airflow(m/s),2.63
clocktime,99751

0.00,1160.2246
62.50,526.8361
125.00,164.5997
187.50,98.2448
250.00,92.5923
312.50,15.6083
375.00,8.1754
437.50,23.0112
500.00,8.7112
airflow(m/s),3.51
clocktime,101741

0.00,2258.7824
62.50,851.6864
125.00,121.2583
187.50,86.2140
250.00,83.8517
312.50,41.0815
375.00,20.6343
437.50,22.4141
500.00,11.9039
airflow(m/s),2.82
clocktime,103784

0.00,1308.8027
62.50,665.1305
125.00,68.7736
187.50,58.8587
250.00,57.9403
312.50,32.7899
375.00,14.1230
437.50,25.7985
500.00,29.1279
airflow(m/s),3.22
clocktime,105777

0.00,1194.6715
62.50,753.9739
125.00,68.9392
187.50,67.0587
250.00,79.4252
312.50,52.5991
375.00,24.7182
437.50,15.9388
500.00,13.4467
airflow(m/s),2.82
clocktime,107770

0.00,1683.5299
62.50,890.5984
125.00,166.7028
187.50,58.8456
250.00,78.6384
312.50,46.8065
375.00,19.7576
437.50,11.1413
500.00,1.4345
airflow(m/s),3.01
clocktime,109815

0.00,1934.1776
62.50,892.8591
125.00,75.6517
187.50,105.3189
250.00,98.5714
312.50,52.5393
375.00,2.9719
437.50,7.6534
500.00,15.1016
airflow(m/s),1.73
clocktime,111809

0.00,1878.9788
62.50,977.6473
125.00,271.7460
187.50,150.4646
250.00,90.3046
312.50,63.4886
375.00,5.5157
437.50,10.5774
500.00,8.9019
airflow(m/s),2.57
clocktime,113802

0.00,1913.7380
62.50,1302.7435
125.00,307.8505
187.50,24.8844
250.00,72.3945
312.50,40.6488
375.00,19.0942
437.50,8.7735
500.00,26.2879
airflow(m/s),7.26
clocktime,115844

0.00,2643.2263
62.50,1377.0957
125.00,100.0133
187.50,108.3323
250.00,33.7388
312.50,36.2928
375.00,14.8926
437.50,21.7282
500.00,9.9947
airflow(m/s),2.69
clocktime,117833

0.00,1345.5100
62.50,996.9553
125.00,418.4648
187.50,144.1171
250.00,89.6102
312.50,22.5312
375.00,10.5508
437.50,12.1034
500.00,8.2129
airflow(m/s),2.69
clocktime,119822

0.00,124.6768
62.50,142.7116
125.00,140.4471
187.50,99.3029
250.00,55.2785
312.50,55.7240
375.00,14.6971
437.50,19.8624
500.00,16.1329
airflow(m/s),2.69
clocktime,121863

0.00,1632.2764
62.50,893.5841
125.00,248.3453
187.50,48.5301
250.00,52.0952
312.50,14.4784
375.00,14.2453
437.50,7.9695
500.00,4.3126
airflow(m/s),2.82
clocktime,123852

0.00,869.0108
62.50,652.8467
125.00,281.3644
187.50,111.9668
250.00,91.5964
312.50,30.7961
375.00,7.8801
437.50,7.8493
500.00,13.4814
airflow(m/s),2.63
clocktime,125894

0.00,1441.3531
62.50,814.3678
125.00,245.5316
187.50,113.4373
250.00,119.8250
312.50,51.8228
375.00,28.1967
437.50,12.8188
500.00,16.3554
airflow(m/s),2.75
clocktime,127885

0.00,2167.5830
62.50,1096.2759
125.00,89.8581
187.50,81.8379
250.00,103.8085
312.50,59.5279
375.00,34.8318
437.50,18.7114
500.00,8.9852
airflow(m/s),2.95
clocktime,129877

0.00,310.6838
62.50,140.6214
125.00,155.4760
187.50,25.4826
250.00,60.9904
312.50,44.4032
375.00,30.6100
437.50,15.9040
500.00,3.7263
airflow(m/s),2.82
clocktime,131925

0.00,1272.3875
62.50,748.9226
125.00,71.9295
187.50,104.9304
250.00,63.2231
312.50,17.1337
375.00,14.9076
437.50,8.3144
500.00,16.1071
airflow(m/s),2.69
clocktime,133918

0.00,2290.8379
62.50,1054.3291
125.00,78.3286
187.50,125.8879
250.00,98.2322
312.50,14.3393
375.00,18.3003
437.50,21.1655
500.00,5.8743
airflow(m/s),2.63
clocktime,135911

0.00,1534.8377
62.50,1004.6924
125.00,231.9670
187.50,99.9402
250.00,106.0214
312.50,78.1525
375.00,28.8162
437.50,39.7180
500.00,8.4503
airflow(m/s),2.69
clocktime,137956

0.00,1783.5065
62.50,994.5603
125.00,145.1753
187.50,48.4417
250.00,96.0649
312.50,72.7421
375.00,17.2657
437.50,4.1376
500.00,15.1418
airflow(m/s),2.75
clocktime,139946

0.00,1221.1459
62.50,690.6194
125.00,132.4256
187.50,143.6055
250.00,104.3935
312.50,56.5012
375.00,26.3195
437.50,28.2907
500.00,30.4578
airflow(m/s),2.88
clocktime,141934

0.00,596.1493
62.50,300.6303
125.00,72.6661
187.50,138.4345
250.00,122.4662
312.50,35.4172
375.00,26.4046
437.50,16.8198
500.00,2.2300
airflow(m/s),7.01
clocktime,143974

0.00,956.9578
62.50,569.4097
125.00,125.7341
187.50,60.0285
250.00,75.5412
312.50,57.8234
375.00,25.9061
437.50,6.1484
500.00,21.3690
airflow(m/s),3.66
clocktime,145963

0.00,878.1386
62.50,923.0891
125.00,170.8466
187.50,32.9652
250.00,45.1991
312.50,32.8780
375.00,6.5372
437.50,22.8261
500.00,29.7585
airflow(m/s),3.15
clocktime,147953

0.00,1301.8453
62.50,1204.8843
125.00,614.3233
187.50,472.7571
250.00,291.0606
312.50,151.8604
375.00,84.4171
437.50,124.4453
500.00,125.0130
airflow(m/s),3.08
clocktime,149994

0.00,663.3828
62.50,624.0298
125.00,199.3216
187.50,79.7360
250.00,107.1992
312.50,81.1558
375.00,33.4186
437.50,15.1006
500.00,13.4774
airflow(m/s),3.15
clocktime,151985

0.00,573.5965
62.50,331.9096
125.00,85.9651
187.50,179.6646
250.00,117.1831
312.50,88.2622
375.00,21.8798
437.50,26.1885
500.00,13.9460
airflow(m/s),2.75
clocktime,154029

0.00,2222.6848
62.50,886.5995
125.00,52.2733
187.50,24.6300
250.00,74.2283
312.50,46.8096
375.00,31.5789
437.50,28.0568
500.00,21.4912
airflow(m/s),2.69
clocktime,156022

0.00,964.7663
62.50,624.7467
125.00,186.6415
187.50,75.0553
250.00,29.8327
312.50,29.4435
375.00,8.3021
437.50,13.5440
500.00,18.3047
airflow(m/s),2.69
clocktime,158015

0.00,2413.6464
62.50,1398.6092
125.00,113.7832
187.50,228.1319
250.00,130.8284
312.50,20.2646
375.00,15.1301
437.50,8.5614
500.00,14.6623
airflow(m/s),2.69
clocktime,160060

0.00,505.0052
62.50,23.7901
125.00,281.6607
187.50,163.7095
250.00,87.2043
312.50,33.2223
375.00,42.4945
437.50,32.0072
500.00,11.6660
airflow(m/s),3.08
clocktime,162053

0.00,963.3361
62.50,1216.3473
125.00,383.8121
187.50,137.4311
250.00,84.2433
312.50,50.8662
375.00,28.4136
437.50,35.4105
500.00,5.8254
airflow(m/s),2.88
clocktime,164044

0.00,574.7436
62.50,311.8844
125.00,325.7424
187.50,49.5131
250.00,68.3899
312.50,29.1054
375.00,22.4306
437.50,19.8127
500.00,14.1867
airflow(m/s),2.75
clocktime,166084

0.00,1227.6459
62.50,904.4006
125.00,323.8181
187.50,97.2607
250.00,122.8754
312.50,61.2412
375.00,10.0169
437.50,13.2259
500.00,7.2432
airflow(m/s),2.57
clocktime,168073

0.00,1806.2580
62.50,990.7338
125.00,322.0656
187.50,230.5905
250.00,206.7919
312.50,75.6133
375.00,283.4308
437.50,232.0979
500.00,67.9112
airflow(m/s),2.63
clocktime,170062

0.00,1014.4560
62.50,628.8979
125.00,234.2852
187.50,59.1163
250.00,93.4086
312.50,39.3021
375.00,5.0635
437.50,11.0949
500.00,13.4302
airflow(m/s),2.95
clocktime,172103

0.00,1715.2810
62.50,811.8505
125.00,37.7464
187.50,54.2073
250.00,64.7345
312.50,45.4466
375.00,10.1626
437.50,4.0402
500.00,9.7681
airflow(m/s),2.88
clocktime,174093

0.00,48.2566
62.50,584.3226
125.00,151.2620
187.50,7.7903
250.00,89.4940
312.50,14.8832
375.00,11.7366
437.50,32.0743
500.00,0.6812
airflow(m/s),2.95
clocktime,176136

0.00,591.7658
62.50,501.8627
125.00,160.2146
187.50,83.1504
250.00,97.1083
312.50,20.5480
375.00,23.4012
437.50,25.4284
500.00,15.3228
airflow(m/s),3.01
clocktime,178127

0.00,2545.0348
62.50,1326.7008
125.00,340.3721
187.50,118.2064
250.00,82.6572
312.50,14.2979
375.00,5.8617
437.50,6.6086
500.00,16.4769
airflow(m/s),3.01
clocktime,180120

0.00,2247.8522
62.50,1204.8996
125.00,318.0137
187.50,43.4268
250.00,64.5241
312.50,14.2410
375.00,18.1691
437.50,28.1618
500.00,8.4262
airflow(m/s),2.57
clocktime,182165

0.00,11.7118
62.50,675.4693
125.00,287.3830
187.50,104.0677
250.00,69.4565
312.50,16.0676
375.00,15.4594
437.50,10.3056
500.00,20.2716
airflow(m/s),2.82
clocktime,184158

0.00,779.2234
62.50,603.7174
125.00,108.1284
187.50,40.9613
250.00,91.7875
312.50,49.6872
375.00,15.7257
437.50,18.8397
500.00,18.7451
airflow(m/s),2.51
clocktime,186152

0.00,1034.0560
62.50,576.1393
125.00,247.6624
187.50,138.9704
250.00,73.5726
312.50,11.8835
375.00,22.8369
437.50,4.6876
500.00,9.8370
airflow(m/s),2.45
clocktime,188199

0.00,142.3307
62.50,436.2712
125.00,100.5005
187.50,158.1844
250.00,89.3404
312.50,18.5063
375.00,7.7031
437.50,11.8120
500.00,22.7334
airflow(m/s),2.75
clocktime,190187

0.00,357.7191
62.50,255.8477
125.00,16.3708
187.50,98.9645
250.00,14.4930
312.50,32.3540
375.00,4.3174
437.50,11.8585
500.00,27.4643
airflow(m/s),2.57
clocktime,192177

0.00,1245.6286
62.50,500.0697
125.00,172.8647
187.50,50.7451
250.00,95.7328
312.50,46.5172
375.00,38.5981
437.50,11.3124
500.00,16.9375
airflow(m/s),2.88
clocktime,194217

0.00,540.1617
62.50,28.4762
125.00,206.0642
187.50,84.0324
250.00,10.3353
312.50,11.1948
375.00,17.6678
437.50,19.6457
500.00,24.6042
airflow(m/s),3.15
clocktime,196207

0.00,3.5123
62.50,152.7689
125.00,159.2566
187.50,97.9373
250.00,58.8230
312.50,21.9043
375.00,19.4952
437.50,24.9934
500.00,25.4884
airflow(m/s),3.08
clocktime,198196

0.00,673.9814
62.50,818.2210
125.00,378.3712
187.50,133.2773
250.00,111.4301
312.50,32.4396
375.00,18.9089
437.50,2.0067
500.00,15.6228
airflow(m/s),2.57
clocktime,200238

0.00,1365.8919
62.50,448.6173
125.00,299.9850
187.50,41.2568
250.00,59.5821
312.50,34.4299
375.00,20.2050
437.50,15.4407
500.00,17.7720
airflow(m/s),2.57
clocktime,202229

0.00,1934.9187
62.50,1323.1924
125.00,424.4144
187.50,38.8458
250.00,101.3637
312.50,24.6905
375.00,27.4713
437.50,14.2576
500.00,12.8993
airflow(m/s),2.45
clocktime,204273

0.00,952.5008
62.50,716.2642
125.00,215.1916
187.50,142.8733
250.00,86.3203
312.50,29.6429
375.00,40.6924
437.50,5.8826
500.00,18.2678
airflow(m/s),2.95
clocktime,206266

0.00,1131.5368
62.50,814.3933
125.00,330.5969
187.50,191.2496
250.00,77.4061
312.50,40.8781
375.00,37.8556
437.50,22.5083
500.00,37.7525
airflow(m/s),2.57
clocktime,208261

0.00,1614.3236
62.50,1120.1816
125.00,207.5620
187.50,91.1871
250.00,30.6167
312.50,4.5753
375.00,16.9594
437.50,36.2051
500.00,11.8626
airflow(m/s),2.57
clocktime,210306

0.00,3233.9980
62.50,1714.5607
125.00,344.5925
187.50,49.0592
250.00,94.4793
312.50,55.7788
375.00,37.1474
437.50,30.8524
500.00,21.4516
airflow(m/s),2.51
clocktime,212298

0.00,122.1116
62.50,60.1712
125.00,257.9437
187.50,55.0255
250.00,38.7890
312.50,14.9514
375.00,9.5878
437.50,27.1715
500.00,18.1457
airflow(m/s),2.75
clocktime,214287

0.00,3848.9110
62.50,1603.1284
125.00,281.8163
187.50,81.3650
250.00,93.2758
312.50,21.2078
375.00,17.5247
437.50,15.9933
500.00,9.7445
airflow(m/s),2.57
clocktime,216328

0.00,741.6296
62.50,297.7903
125.00,115.8897
187.50,62.5278
250.00,67.0801
312.50,10.0215
375.00,20.8605
437.50,4.0859
500.00,7.7075
airflow(m/s),2.63
clocktime,218317

0.00,381.6305
62.50,528.3479
125.00,230.4836
187.50,99.0235
250.00,119.8998
312.50,27.8663
375.00,26.8305
437.50,6.8417
500.00,5.3361
airflow(m/s),2.75
clocktime,220307

0.00,426.6662
62.50,448.7201
125.00,134.5205
187.50,141.9365
250.00,76.3886
312.50,48.3775
375.00,8.4846
437.50,15.9323
500.00,3.7203
airflow(m/s),2.57
clocktime,222349

0.00,449.8980
62.50,503.5004
125.00,161.5788
187.50,68.6195
250.00,90.3125
312.50,61.4948
375.00,7.9375
437.50,8.5605
500.00,5.5645
airflow(m/s),2.88
clocktime,224339

0.00,1152.4649
62.50,740.3703
125.00,185.2049
187.50,55.9064
250.00,53.9773
312.50,13.3679
375.00,11.6755
437.50,10.8240
500.00,17.5879
airflow(m/s),3.01
clocktime,226330

0.00,1688.0216
62.50,457.1839
125.00,265.3959
187.50,84.1726
250.00,93.3594
312.50,41.3067
375.00,14.3114
437.50,14.1930
500.00,17.2197
airflow(m/s),2.69
clocktime,228374

0.00,2317.4261
62.50,976.0704
125.00,117.3432
187.50,114.3019
250.00,140.5672
312.50,56.0405
375.00,23.5444
437.50,12.4368
500.00,5.8642
airflow(m/s),3.08
clocktime,230367

0.00,2756.0010
62.50,1455.8193
125.00,336.4054
187.50,142.9270
250.00,72.9920
312.50,29.2177
375.00,4.1022
437.50,9.4340
500.00,24.8733
airflow(m/s),2.88
clocktime,232414

0.00,395.9690
62.50,958.5211
125.00,301.5199
187.50,46.3443
250.00,56.7832
312.50,47.1459
375.00,13.6100
437.50,10.9148
500.00,16.4204
airflow(m/s),2.82
clocktime,234407

0.00,1221.3402
62.50,956.1331
125.00,377.0879
187.50,115.4456
250.00,69.6731
312.50,19.8025
375.00,22.8992
437.50,17.9800
500.00,11.8648
airflow(m/s),2.95
clocktime,236399

0.00,224.7686
62.50,202.9983
125.00,206.7699
187.50,102.9405
250.00,67.6556
312.50,32.5513
375.00,8.6536
437.50,22.6485
500.00,32.8531
airflow(m/s),2.34
clocktime,238441

0.00,1222.5653
62.50,251.4359
125.00,365.9519
187.50,159.1712
250.00,70.8048
312.50,34.9536
375.00,15.4034
437.50,32.1216
500.00,34.0487
airflow(m/s),2.75
clocktime,240431

0.00,2088.5422
62.50,1041.2704
125.00,159.5034
187.50,86.0805
250.00,88.1933
312.50,46.6081
375.00,11.5974
437.50,21.2212
500.00,32.9544
airflow(m/s),2.69
clocktime,242420

0.00,620.9767
62.50,673.9241
125.00,231.9479
187.50,71.1765
250.00,121.3706
312.50,81.2273
375.00,30.9414
437.50,15.5818
500.00,14.9185
airflow(m/s),2.75
clocktime,244465

0.00,847.4794
62.50,1167.4174
125.00,335.6057
187.50,120.6889
250.00,105.3908
312.50,27.0259
375.00,14.8239
437.50,24.2393
500.00,19.5396
airflow(m/s),2.57
clocktime,246453

0.00,699.9257
62.50,569.5812
125.00,232.2196
187.50,86.9755
250.00,114.9281
312.50,22.8531
375.00,21.7647
437.50,19.8240
500.00,11.9923
airflow(m/s),2.51
clocktime,248443

0.00,1514.4972
62.50,452.1763
125.00,92.8363
187.50,38.5234
250.00,84.2362
312.50,64.3950
375.00,19.0965
437.50,5.1980
500.00,3.0673
airflow(m/s),2.69
clocktime,250486

0.00,682.5088
62.50,623.9229
125.00,233.1689
187.50,124.9336
250.00,107.7949
312.50,22.1328
375.00,32.0987
437.50,32.4361
500.00,18.4243
airflow(m/s),2.51
clocktime,252499

0.00,704.5616
62.50,290.5003
125.00,139.4764
187.50,121.5556
250.00,62.4918
312.50,25.2154
375.00,23.0099
437.50,27.4215
500.00,40.3159
airflow(m/s),2.57
clocktime,254491

0.00,1634.5342
62.50,737.8458
125.00,116.6649
187.50,65.8234
250.00,94.3730
312.50,15.5618
375.00,10.4394
437.50,6.0526
500.00,15.1846
airflow(m/s),2.39
clocktime,256537

0.00,129.1739
62.50,316.4574
125.00,135.7558
187.50,113.0191
250.00,100.9974
312.50,46.8140
375.00,21.2770
437.50,19.6061
500.00,4.4643
airflow(m/s),2.75
clocktime,258530

0.00,1690.9997
62.50,1281.6720
125.00,372.0274
187.50,38.9658
250.00,25.4763
312.50,27.4777
375.00,58.9599
437.50,30.5897
500.00,16.5689
airflow(m/s),3.15
clocktime,260577

0.00,2548.7313
62.50,1240.7962
125.00,133.0765
187.50,117.2340
250.00,138.3865
312.50,70.8868
375.00,19.5910
437.50,5.9872
500.00,12.2221
airflow(m/s),1.73
clocktime,262567

0.00,2627.3496
62.50,1217.0722
125.00,98.6167
187.50,21.0350
250.00,69.6221
312.50,32.5324
375.00,11.7202
437.50,21.8146
500.00,2.9911
airflow(m/s),3.44
clocktime,264558

0.00,902.2847
62.50,1855.1551
125.00,578.7142
187.50,108.8301
250.00,98.1225
312.50,89.6350
375.00,8.8466
437.50,21.4936
500.00,23.3008
airflow(m/s),2.95
clocktime,266599

0.00,4650.1341
62.50,2353.3185
125.00,309.0064
187.50,82.4010
250.00,128.6063
312.50,104.9938
375.00,50.1318
437.50,24.9176
500.00,11.0744
airflow(m/s),2.88
clocktime,268588

0.00,1548.7407
62.50,739.4959
125.00,70.5537
187.50,138.1807
250.00,114.5631
312.50,49.7814
375.00,10.0796
437.50,10.1928
500.00,16.6050
airflow(m/s),2.57
clocktime,270578

0.00,970.7223
62.50,843.1134
125.00,109.7731
187.50,159.0799
250.00,185.0267
312.50,49.0747
375.00,44.2737
437.50,17.8615
500.00,19.7450
airflow(m/s),2.51
clocktime,272619

0.00,1289.7997
62.50,813.4217
125.00,224.8696
187.50,94.0169
250.00,65.1225
312.50,30.6255
375.00,24.5091
437.50,30.3389
500.00,21.6857
airflow(m/s),2.39
clocktime,274609

0.00,1902.7618
62.50,902.5889
125.00,67.8574
187.50,134.9623
250.00,76.8792
312.50,35.4939
375.00,31.1711
437.50,8.9700
500.00,15.8695
airflow(m/s),2.45
clocktime,276601

0.00,0.7794
62.50,524.5660
125.00,419.8076
187.50,157.1224
250.00,94.5780
312.50,127.6002
375.00,87.3123
437.50,76.5230
500.00,62.3918
airflow(m/s),2.57
clocktime,278645

0.00,499.6324
62.50,608.4169
125.00,314.7452
187.50,79.7101
250.00,69.6263
312.50,41.1956
375.00,16.3690
437.50,15.6602
500.00,20.7674
airflow(m/s),2.57
clocktime,280639

0.00,1560.1149
62.50,610.2284
125.00,189.5256
187.50,88.0269
250.00,84.9949
312.50,28.7500
375.00,8.4889
437.50,16.8362
500.00,11.2975
airflow(m/s),2.51
clocktime,282684

0.00,2779.6278
62.50,1648.9114
125.00,246.5211
187.50,89.3360
250.00,110.1607
312.50,62.2319
375.00,19.3616
437.50,7.1753
500.00,4.2494
airflow(m/s),2.51
clocktime,284679

0.00,307.2242
62.50,274.2134
125.00,21.2145
187.50,97.1277
250.00,108.9990
312.50,53.8333
375.00,25.6628
437.50,11.0154
500.00,1.3094
airflow(m/s),2.51
clocktime,286669

0.00,1665.0156
62.50,1134.4131
125.00,193.6456
187.50,83.2087
250.00,133.1349
312.50,69.2615
375.00,51.1121
437.50,10.6959
500.00,35.7997
airflow(m/s),2.63
clocktime,288711

0.00,1033.2413
62.50,936.4755
125.00,228.4614
187.50,89.9462
250.00,79.4521
312.50,44.1223
375.00,17.0919
437.50,12.5537
500.00,14.9668
airflow(m/s),2.45
clocktime,290700

0.00,1998.9238
62.50,984.9991
125.00,198.2096
187.50,46.8698
250.00,67.4490
312.50,60.6243
375.00,3.2425
437.50,7.2905
500.00,15.5385
airflow(m/s),2.57
clocktime,292690

0.00,3373.6416
62.50,1460.1156
125.00,135.7883
187.50,28.4216
250.00,103.6783
312.50,38.2908
375.00,5.1066
437.50,12.6581
500.00,21.8015
airflow(m/s),3.29
clocktime,294732

0.00,4807.0828
62.50,1946.7908
125.00,96.8339
187.50,62.6630
250.00,81.6970
312.50,40.3006
375.00,16.2229
437.50,10.9450
500.00,6.1037
airflow(m/s),2.75
clocktime,296721

0.00,1537.2024
62.50,630.0430
125.00,134.3225
187.50,74.9585
250.00,116.3916
312.50,53.8947
375.00,10.3770
437.50,13.1525
500.00,9.5502
airflow(m/s),2.69
clocktime,298710

0.00,1213.0896
62.50,519.6974
125.00,96.3093
187.50,101.6234
250.00,115.7083
312.50,88.5693
375.00,44.4621
437.50,19.6843
500.00,18.6470
airflow(m/s),2.57
clocktime,300757

0.00,1966.4317
62.50,1011.8491
125.00,150.8113
187.50,96.6915
250.00,131.9002
312.50,69.1843
375.00,12.4508
437.50,16.1964
500.00,4.0648
airflow(m/s),2.57
clocktime,302749

0.00,2330.0526
62.50,1149.5388
125.00,390.3091
187.50,104.5536
250.00,95.4399
312.50,69.6830
375.00,34.7791
437.50,20.9237
500.00,22.8360
airflow(m/s),2.51
clocktime,304743

0.00,2633.5538
62.50,1227.7115
125.00,67.0736
187.50,77.2302
250.00,86.1165
312.50,20.0413
375.00,6.3819
437.50,18.8674
500.00,14.6654
airflow(m/s),2.63
clocktime,306788

0.00,231.0439
62.50,247.9983
125.00,143.5235
187.50,74.0890
250.00,109.7745
312.50,20.3207
375.00,13.0209
437.50,6.5014
500.00,13.2689
airflow(m/s),2.63
clocktime,308783

0.00,1659.6415
62.50,855.4162
125.00,94.9145
187.50,108.0885
250.00,54.8781
312.50,75.3534
375.00,18.2215
437.50,22.1286
500.00,10.8927
airflow(m/s),2.57
clocktime,310828

0.00,99.4670
62.50,453.4543
125.00,176.4331
187.50,70.1126
250.00,51.0432
312.50,38.1496
375.00,28.9791
437.50,10.4937
500.00,25.8738
airflow(m/s),2.75
clocktime,312817

0.00,3981.7746
62.50,1964.2040
125.00,27.9500
187.50,154.1081
250.00,111.6710
312.50,38.9517
375.00,27.3344
437.50,12.6131
500.00,3.6562
airflow(m/s),2.82
clocktime,314807

0.00,220.8003
62.50,396.7093
125.00,157.5222
187.50,127.1399
250.00,90.8333
312.50,21.1160
375.00,15.4997
437.50,13.4397
500.00,21.5555
airflow(m/s),2.69
clocktime,316848

0.00,192.2605
62.50,558.2933
125.00,49.0529
187.50,50.5540
250.00,111.2330
312.50,50.9549
375.00,39.1354
437.50,6.0185
500.00,10.3161
airflow(m/s),2.63
clocktime,318837

0.00,707.7145
62.50,512.7032
125.00,250.9821
187.50,156.5603
250.00,107.2951
312.50,42.2631
375.00,16.2070
437.50,8.7176
500.00,13.4621
airflow(m/s),2.88
clocktime,320825

0.00,230.4772
62.50,601.2755
125.00,218.1634
187.50,126.1771
250.00,101.1342
312.50,28.8222
375.00,23.4494
437.50,18.4153
500.00,4.2648
airflow(m/s),2.63
clocktime,322919

0.00,999.0979
62.50,1379.4617
125.00,289.1026
187.50,90.1590
250.00,41.7416
312.50,64.5307
375.00,9.5385
437.50,21.6895
500.00,19.0526
airflow(m/s),2.57
clocktime,324911

0.00,3766.8707
62.50,1762.1715
125.00,40.8899
187.50,40.5956
250.00,110.7953
312.50,76.9595
375.00,10.5971
437.50,18.1616
500.00,17.8257
airflow(m/s),2.45
clocktime,326903

0.00,3496.7174
62.50,2003.9466
125.00,182.6361
187.50,131.8336
250.00,35.3263
312.50,49.5259
375.00,37.2744
437.50,8.2544
500.00,9.0852
airflow(m/s),2.75
clocktime,329046

0.00,2239.6961
62.50,1254.0605
125.00,57.6893
187.50,114.8625
250.00,121.2962
312.50,90.7433
375.00,23.7134
437.50,12.3236
500.00,34.3868
airflow(m/s),2.45
clocktime,331162

0.00,2652.9068
62.50,1227.7082
125.00,79.9381
187.50,106.6718
250.00,144.2387
312.50,90.6380
375.00,16.4708
437.50,6.4019
500.00,12.1925
airflow(m/s),2.69
clocktime,333278

0.00,5257.4952
62.50,2586.6854
125.00,219.9731
187.50,25.6516
250.00,70.6926
312.50,78.2674
375.00,34.7911
437.50,21.2246
500.00,17.4539
airflow(m/s),2.63
clocktime,335446

0.00,993.4658
62.50,737.8348
125.00,166.1807
187.50,169.3520
250.00,154.4224
312.50,37.2515
375.00,11.9803
437.50,8.4760
500.00,11.8090
airflow(m/s),2.82
clocktime,337558

0.00,497.9231
62.50,837.7149
125.00,297.3680
187.50,62.9945
250.00,48.9064
312.50,11.5137
375.00,43.8963
437.50,23.9918
500.00,14.3464
airflow(m/s),2.63
clocktime,339721

0.00,2352.7987
62.50,1067.9546
125.00,56.5793
187.50,115.5304
250.00,124.8147
312.50,46.3319
375.00,18.3108
437.50,18.7209
500.00,20.1726
airflow(m/s),2.57
clocktime,341832

0.00,3758.4774
62.50,2077.1078
125.00,274.8610
187.50,97.5112
250.00,47.0609
312.50,3.1490
375.00,40.0814
437.50,24.7385
500.00,32.6687
airflow(m/s),2.75
clocktime,343943

0.00,1671.6456
62.50,977.1663
125.00,158.9323
187.50,62.0254
250.00,72.0793
312.50,85.0083
375.00,10.9446
437.50,19.8482
500.00,6.2754
airflow(m/s),2.57
clocktime,346106

0.00,2652.8194
62.50,1414.6775
125.00,81.8063
187.50,137.2047
250.00,96.3321
312.50,45.4316
375.00,30.4819
437.50,10.4282
500.00,8.8023
airflow(m/s),2.51
clocktime,348218

0.00,2352.2737
62.50,1375.8209
125.00,205.3326
187.50,69.1014
250.00,110.2020
312.50,94.2004
375.00,10.4188
437.50,15.5267
500.00,27.0102
airflow(m/s),2.63
clocktime,350332

0.00,3782.1446
62.50,1938.7820
125.00,186.4296
187.50,64.8039
250.00,34.6613
312.50,54.8940
375.00,12.9987
437.50,5.4545
500.00,5.5132
airflow(m/s),2.45
clocktime,352503

0.00,902.8653
62.50,811.2633
125.00,123.3945
187.50,42.1828
250.00,41.7362
312.50,23.3482
375.00,13.9163
437.50,8.5958
500.00,11.1461
airflow(m/s),2.57
clocktime,354618

0.00,998.3344
62.50,607.0656
125.00,102.9097
187.50,142.8968
250.00,68.0994
312.50,31.8197
375.00,15.3447
437.50,20.2474
500.00,12.2953
airflow(m/s),4.95
clocktime,356734

0.00,4002.0120
62.50,1895.5089
125.00,271.4148
187.50,79.7537
250.00,71.1265
312.50,50.5599
375.00,15.8416
437.50,16.2663
500.00,0.9886
airflow(m/s),2.95
clocktime,358904

0.00,1367.3259
62.50,1309.2182
125.00,367.5856
187.50,139.4118
250.00,78.8541
312.50,31.9530
375.00,1.0899
437.50,31.1002
500.00,5.4964
airflow(m/s),2.57
clocktime,361017

0.00,1954.6775
62.50,1010.2760
125.00,87.8274
187.50,45.0140
250.00,107.6160
312.50,88.3589
375.00,28.2042
437.50,7.5780
500.00,16.5745
airflow(m/s),3.01
clocktime,363180

0.00,3727.7816
62.50,1682.6549
125.00,107.7622
187.50,11.8304
250.00,66.0104
312.50,44.6807
375.00,11.8183
437.50,4.9127
500.00,14.5549
airflow(m/s),3.22
clocktime,365290

0.00,679.0023
62.50,366.8531
125.00,336.6194
187.50,77.3577
250.00,102.7708
312.50,45.5658
375.00,28.0379
437.50,12.2557
500.00,4.7857
airflow(m/s),3.01
clocktime,367402

0.00,852.4110
62.50,1134.1392
125.00,473.2956
187.50,22.8452
250.00,125.7135
312.50,61.1608
375.00,15.1159
437.50,41.9640
500.00,42.0560
airflow(m/s),2.95
clocktime,369565

0.00,4657.4681
62.50,2526.4862
125.00,364.6648
187.50,37.1624
250.00,7.4866
312.50,28.6141
375.00,30.4223
437.50,7.3650
500.00,12.3386
airflow(m/s),3.22
clocktime,371677

0.00,3455.2872
62.50,1765.1742
125.00,116.5597
187.50,174.2948
250.00,127.3357
312.50,27.9034
375.00,9.6161
437.50,6.0590
500.00,6.1631
airflow(m/s),7.77
clocktime,373789

0.00,1479.1793
62.50,799.5038
125.00,92.2288
187.50,37.5253
250.00,84.6292
312.50,52.4712
375.00,18.8591
437.50,11.7204
500.00,11.8216
airflow(m/s),2.69
clocktime,375955

0.00,22.9119
62.50,518.8306
125.00,252.2001
187.50,59.5982
250.00,15.0674
312.50,58.3792
375.00,22.3008
437.50,24.0180
500.00,10.3483
airflow(m/s),2.82
clocktime,378070

0.00,117.3177
62.50,488.0694
125.00,193.9507
187.50,54.7396
250.00,103.0984
312.50,55.9864
375.00,15.2164
437.50,13.0521
500.00,7.5616
airflow(m/s),2.88
clocktime,380185

0.00,2006.2416
62.50,1032.7781
125.00,86.9008
187.50,36.9109
250.00,69.7770
312.50,21.6361
375.00,7.0471
437.50,5.2312
500.00,28.1120
airflow(m/s),2.51
clocktime,382353

0.00,89.5456
62.50,958.6942
125.00,238.2754
187.50,53.0578
250.00,124.6621
312.50,71.9623
375.00,48.7515
437.50,11.5331
500.00,35.9887
airflow(m/s),2.57
clocktime,384469

0.00,2557.5968
62.50,990.4577
125.00,111.7541
187.50,98.2349
250.00,83.3666
312.50,16.5429
375.00,28.4071
437.50,12.0122
500.00,1.7302
airflow(m/s),2.88
clocktime,386581

0.00,4926.7084
62.50,2322.6671
125.00,30.9971
187.50,87.3474
250.00,84.9628
312.50,45.3860
375.00,26.3643
437.50,37.6499
500.00,29.5150
airflow(m/s),2.69
clocktime,388706

0.00,1311.4173
62.50,956.7286
125.00,484.4899
187.50,103.9253
250.00,50.8892
312.50,23.2890
375.00,13.9149
437.50,7.6479
500.00,10.4952
airflow(m/s),2.82
clocktime,390817

0.00,2836.9067
62.50,1352.2508
125.00,244.9799
187.50,64.7434
250.00,121.1385
312.50,85.3868
375.00,45.8012
437.50,14.0751
500.00,14.6876
airflow(m/s),2.82
clocktime,392980

0.00,3847.8795
62.50,1607.9686
125.00,144.6954
187.50,68.7256
250.00,50.2599
312.50,75.2932
375.00,41.2947
437.50,18.6498
500.00,13.1592
airflow(m/s),2.45
clocktime,395092

0.00,1088.0963
62.50,608.3370
125.00,107.9422
187.50,59.1252
250.00,114.4649
312.50,84.6305
375.00,23.8435
437.50,11.7558
500.00,14.2766
airflow(m/s),2.34
clocktime,397205

0.00,2106.3947
62.50,1148.5375
125.00,213.5169
187.50,178.8775
250.00,111.7138
312.50,33.2775
375.00,22.0016
437.50,4.2602
500.00,6.0366
airflow(m/s),2.28
clocktime,399331

0.00,1377.2195
62.50,654.4504
125.00,149.5389
187.50,53.0491
250.00,137.2098
312.50,96.4971
375.00,31.5626
437.50,21.3900
500.00,7.2835
airflow(m/s),2.45
clocktime,401447

0.00,3888.7666
62.50,1777.2437
125.00,104.6929
187.50,202.1329
250.00,83.5132
312.50,39.7093
375.00,14.2408
437.50,9.6914
500.00,14.4114
airflow(m/s),2.69
clocktime,403562

0.00,2017.8809
62.50,1005.6252
125.00,182.1286
187.50,51.1892
250.00,59.5297
312.50,89.6507
375.00,36.7291
437.50,28.2721
500.00,3.9391
airflow(m/s),3.22
clocktime,405731

0.00,1631.1840
62.50,567.7333
125.00,138.4277
187.50,54.2162
250.00,24.8544
312.50,28.8517
375.00,31.2275
437.50,22.6779
500.00,36.6695
airflow(m/s),3.44
clocktime,407847

0.00,964.8782
62.50,833.5612
125.00,241.7677
187.50,209.5897
250.00,41.9346
312.50,31.9476
375.00,25.8105
437.50,11.6476
500.00,17.0678
airflow(m/s),2.95
clocktime,409962

0.00,2258.8165
62.50,1305.5894
125.00,253.6969
187.50,50.5902
250.00,33.1129
312.50,63.4646
375.00,22.4211
437.50,25.1648
500.00,31.5886
airflow(m/s),2.95
clocktime,412126

0.00,1496.8824
62.50,1536.3303
125.00,299.9107
187.50,100.6535
250.00,34.7884
312.50,21.6003
375.00,48.4463
437.50,15.3330
500.00,7.0768
airflow(m/s),2.63
clocktime,414237

0.00,983.6222
62.50,803.0830
125.00,484.3224
187.50,74.6339
250.00,11.4139
312.50,24.2169
375.00,18.7982
437.50,5.5434
500.00,10.5165
airflow(m/s),2.82
clocktime,416403

0.00,2148.5784
62.50,1371.7292
125.00,321.9912
187.50,25.6665
250.00,44.3782
312.50,39.6241
375.00,19.1239
437.50,23.0180
500.00,14.8809
airflow(m/s),3.51
clocktime,418515

0.00,2125.6494
62.50,1066.7385
125.00,89.8601
187.50,62.3237
250.00,19.7671
312.50,37.9832
375.00,28.8051
437.50,28.1511
500.00,19.0951
airflow(m/s),5.25
clocktime,420627

0.00,105.5436
62.50,728.7688
125.00,140.8313
187.50,73.9754
250.00,24.1091
312.50,23.8933
375.00,24.6759
437.50,40.6799
500.00,22.8817
airflow(m/s),2.45
clocktime,422791

0.00,255.9114
62.50,477.8110
125.00,300.4678
187.50,49.7128
250.00,55.8506
312.50,65.1166
375.00,15.0647
437.50,6.1547
500.00,14.6705
airflow(m/s),2.82
clocktime,424904

0.00,3403.4372
62.50,1741.6773
125.00,228.8980
187.50,70.4391
250.00,32.9596
312.50,35.8224
375.00,6.1916
437.50,18.3896
500.00,19.9570
airflow(m/s),4.23
clocktime,427020

0.00,1505.6544
62.50,997.2690
125.00,252.6839
187.50,69.7336
250.00,39.0803
312.50,56.7343
375.00,22.4449
437.50,7.6404
500.00,2.6420
airflow(m/s),3.01
clocktime,429187

0.00,788.1568
62.50,274.5975
125.00,128.9416
187.50,98.5315
250.00,49.3170
312.50,40.2862
375.00,8.3701
437.50,21.9142
500.00,25.5864
airflow(m/s),1.73
clocktime,431304

0.00,3030.9015
62.50,1613.4933
125.00,287.0971
187.50,97.7406
250.00,48.5132
312.50,38.1287
375.00,26.8392
437.50,19.4122
500.00,2.7808
airflow(m/s),2.69
clocktime,433420

0.00,1437.1221
62.50,434.4208
125.00,274.3926
187.50,16.3421
250.00,15.2873
312.50,27.1913
375.00,14.7762
437.50,15.0541
500.00,7.4774
airflow(m/s),2.69
clocktime,435585

0.00,404.5701
62.50,544.8631
125.00,295.0929
187.50,95.2055
250.00,29.4346
312.50,48.6904
375.00,31.8517
437.50,25.2128
500.00,13.8811
airflow(m/s),2.39
clocktime,437696

0.00,23451.2724
62.50,10924.8944
125.00,1150.1447
187.50,337.8250
250.00,213.1491
312.50,169.8430
375.00,133.8716
437.50,43.0784
500.00,40.0772
airflow(m/s),2.51
clocktime,439808

0.00,2688.4080
62.50,1400.8841
125.00,154.2873
187.50,34.5965
250.00,59.6904
312.50,22.3214
375.00,7.0333
437.50,10.9042
500.00,19.9124
airflow(m/s),2.34
clocktime,441972

0.00,1204.7598
62.50,412.1260
125.00,56.8084
187.50,68.6230
250.00,29.1256
312.50,40.9367
375.00,15.2806
437.50,14.7132
500.00,12.8513
airflow(m/s),2.51
clocktime,444083

0.00,5934.0056
62.50,2908.9902
125.00,439.1474
187.50,148.4050
250.00,47.7392
312.50,24.3849
375.00,36.4738
437.50,4.4081
500.00,22.1410
airflow(m/s),2.69
clocktime,446247

0.00,1477.7347
62.50,946.1088
125.00,173.5633
187.50,79.4294
250.00,29.7989
312.50,30.1312
375.00,7.4600
437.50,6.1492
500.00,8.0671
airflow(m/s),2.75
clocktime,448361

0.00,4511.3713
62.50,2205.6935
125.00,233.9826
187.50,157.9801
250.00,42.5760
312.50,36.5812
375.00,23.8767
437.50,12.7932
500.00,6.9074
airflow(m/s),2.63
clocktime,450475

0.00,1932.4135
62.50,1009.4682
125.00,258.1434
187.50,134.8968
250.00,57.5334
312.50,21.8633
375.00,22.4106
437.50,9.7087
500.00,5.8084
airflow(m/s),2.69
clocktime,452643

0.00,1741.7904
62.50,870.9709
125.00,146.3074
187.50,144.9995
250.00,62.8606
312.50,71.6152
375.00,34.6156
437.50,12.2787
500.00,23.0215
airflow(m/s),2.57
clocktime,454760

0.00,4009.7267
62.50,2003.0231
125.00,157.6541
187.50,39.5373
250.00,53.2735
312.50,22.8701
375.00,12.0477
437.50,21.9812
500.00,2.5967
airflow(m/s),2.63
clocktime,456876

0.00,955.5489
62.50,693.0915
125.00,265.3740
187.50,77.1869
250.00,47.7465
312.50,35.1389
375.00,13.9358
437.50,18.6367
500.00,8.1055
airflow(m/s),2.69
clocktime,459044

0.00,625.7755
62.50,310.2254
125.00,208.4344
187.50,90.0888
250.00,14.2109
312.50,51.7987
375.00,1.8300
437.50,23.7407
500.00,22.8522
airflow(m/s),2.39
clocktime,461155

0.00,1075.8036
62.50,911.4456
125.00,445.0733
187.50,77.7235
250.00,43.1148
312.50,54.1707
375.00,40.2483
437.50,10.4687
500.00,8.5774
airflow(m/s),2.57
clocktime,463266

0.00,1527.9341
62.50,858.2504
125.00,270.3049
187.50,67.1802
250.00,63.7819
312.50,36.1783
375.00,8.9802
437.50,13.9898
500.00,4.4194
airflow(m/s),2.75
clocktime,465392

0.00,1188.3951
62.50,1089.2218
125.00,312.5698
187.50,90.8587
250.00,42.4097
312.50,41.1305
375.00,9.1217
437.50,13.1317
500.00,24.2010
airflow(m/s),2.75
clocktime,467504

0.00,508.6391
62.50,412.9784
125.00,194.4283
187.50,90.5145
250.00,35.5882
312.50,34.6474
375.00,3.9758
437.50,11.1541
500.00,12.1462
airflow(m/s),2.69
clocktime,469615

0.00,86.6826
62.50,538.2700
125.00,273.2657
187.50,56.5572
250.00,50.5288
312.50,84.4567
375.00,36.9965
437.50,11.3270
500.00,14.3972
airflow(m/s),2.82
clocktime,471779

0.00,1691.5102
62.50,881.7943
125.00,412.3041
187.50,77.9075
250.00,46.2061
312.50,55.9782
375.00,0.7991
437.50,9.9804
500.00,11.0989
airflow(m/s),2.63
clocktime,473893

0.00,675.0701
62.50,370.1301
125.00,136.7944
187.50,25.3073
250.00,20.9517
312.50,26.4161
375.00,9.8149
437.50,7.1219
500.00,35.2281
airflow(m/s),2.02
clocktime,476060

0.00,2149.9532
62.50,1244.4517
125.00,338.0580
187.50,73.2921
250.00,81.1769
312.50,77.9858
375.00,53.6539
437.50,45.1343
500.00,9.5788
airflow(m/s),2.51
clocktime,478176

0.00,803.7734
62.50,191.5229
125.00,302.0848
187.50,58.0952
250.00,22.1768
312.50,20.5718
375.00,13.7421
437.50,17.8837
500.00,2.4533
airflow(m/s),2.34
clocktime,480293

0.00,706.8269
62.50,494.8011
125.00,287.4332
187.50,80.0682
250.00,45.6629
312.50,18.5099
375.00,16.8076
437.50,22.6470
500.00,22.4518
airflow(m/s),6.19
clocktime,482466

0.00,2034.9581
62.50,1075.9150
125.00,151.6913
187.50,98.7189
250.00,24.1760
312.50,39.2489
375.00,16.6475
437.50,31.1190
500.00,17.1766
airflow(m/s),3.15
clocktime,484579

0.00,1041.4617
62.50,449.3753
125.00,246.6863
187.50,140.8859
250.00,53.0329
312.50,30.6137
375.00,19.4195
437.50,4.4555
500.00,13.9787
airflow(m/s),3.51
clocktime,486690

0.00,2434.1784
62.50,1209.6782
125.00,213.6916
187.50,10.7309
250.00,56.0121
312.50,34.5315
375.00,9.6418
437.50,19.1830
500.00,13.2705
airflow(m/s),2.82
clocktime,488853

0.00,327.1850
62.50,359.2711
125.00,297.4348
187.50,54.0607
250.00,52.7347
312.50,48.7014
375.00,19.4406
437.50,6.6538
500.00,13.8570
airflow(m/s),2.69
clocktime,490964

0.00,387.5226
62.50,746.5028
125.00,295.7582
187.50,81.6496
250.00,42.2308
312.50,31.8517
375.00,29.0376
437.50,19.3965
500.00,10.4925
airflow(m/s),3.29
clocktime,493076

0.00,1361.4082
62.50,838.7951
125.00,113.2063
187.50,40.8632
250.00,46.3605
312.50,37.2047
375.00,4.3698
437.50,41.8581
500.00,27.4304
airflow(m/s),3.44
clocktime,495202

0.00,4946.5249
62.50,2338.1848
125.00,135.3208
187.50,82.6987
250.00,75.1844
312.50,63.8173
375.00,10.4419
437.50,17.1577
500.00,18.2245
airflow(m/s),2.82
clocktime,497314

0.00,1987.0572
62.50,962.5476
125.00,29.3950
187.50,69.1404
250.00,31.4205
312.50,68.8151
375.00,13.1155
437.50,3.8764
500.00,18.2291
airflow(m/s),2.82
clocktime,499429

0.00,1567.0028
62.50,548.1136
125.00,422.2542
187.50,186.0081
250.00,52.0487
312.50,25.6991
375.00,28.6743
437.50,16.7197
500.00,15.7513
airflow(m/s),2.69
clocktime,501597

0.00,92.5283
62.50,376.1105
125.00,264.1348
187.50,102.4183
250.00,39.2032
312.50,56.7736
375.00,3.9166
437.50,21.4491
500.00,15.1309
airflow(m/s),2.63
clocktime,503713

0.00,820.7574
62.50,816.7116
125.00,317.0011
187.50,102.8325
250.00,77.5478
312.50,61.9365
375.00,28.4220
437.50,19.8172
500.00,29.1430
airflow(m/s),2.51
clocktime,505882

0.00,886.1410
62.50,835.5632
125.00,477.6223
187.50,123.0792
250.00,25.6661
312.50,64.7670
375.00,30.9173
437.50,4.6419
500.00,8.1263
airflow(m/s),2.51
clocktime,507995

0.00,914.0196
62.50,580.7092
125.00,307.9354
187.50,59.7682
250.00,40.2511
312.50,41.1091
375.00,20.8926
437.50,14.1135
500.00,22.0173
airflow(m/s),2.63
clocktime,510106

0.00,2585.5038
62.50,1100.6485
125.00,133.7222
187.50,71.4501
250.00,49.0246
312.50,35.9795
375.00,15.5032
437.50,16.1008
500.00,5.9317
airflow(m/s),2.57
clocktime,512268

0.00,1026.1358
62.50,310.2249
125.00,189.1839
187.50,17.8403
250.00,4.0538
312.50,14.8805
375.00,23.5186
437.50,24.7349
500.00,26.5814
airflow(m/s),3.08
clocktime,514379

0.00,1563.3932
62.50,1033.7843
125.00,253.3190
187.50,8.6332
250.00,44.8158
312.50,46.2334
375.00,13.1725
437.50,16.4015
500.00,17.5312
airflow(m/s),2.57
clocktime,516491

0.00,3717.0954
62.50,2241.0935
125.00,380.2316
187.50,79.1771
250.00,72.1272
312.50,18.1054
375.00,12.5288
437.50,9.9499
500.00,3.1855
airflow(m/s),2.95
clocktime,518655

0.00,367.5744
62.50,312.6922
125.00,36.6301
187.50,36.0989
250.00,23.0007
312.50,41.9633
375.00,13.3887
437.50,14.5455
500.00,23.5843
airflow(m/s),3.36
clocktime,520767

0.00,648.6544
62.50,545.3342
125.00,139.5332
187.50,76.5782
250.00,71.9375
312.50,19.7248
375.00,17.2299
437.50,12.7979
500.00,12.8246
airflow(m/s),2.82
clocktime,522881

0.00,1817.9608
62.50,1227.9262
125.00,255.1682
187.50,103.2418
250.00,79.2773
312.50,43.4923
375.00,6.4225
437.50,15.8991
500.00,9.4692
airflow(m/s),2.63
clocktime,525048

0.00,1035.6934
62.50,633.8346
125.00,237.7183
187.50,74.0693
250.00,14.7888
312.50,17.4141
375.00,34.8755
437.50,15.3696
500.00,16.2260
airflow(m/s),3.08
clocktime,527164

0.00,307.2254
62.50,510.7840
125.00,244.8579
187.50,74.8039
250.00,51.0935
312.50,28.3356
375.00,19.0968
437.50,27.3675
500.00,21.7514
airflow(m/s),2.75
clocktime,529280

0.00,5320.1981
62.50,2465.3776
125.00,229.8144
187.50,87.6436
250.00,84.5625
312.50,85.6897
375.00,49.1133
437.50,14.1246
500.00,28.7993
airflow(m/s),3.01
clocktime,531449

0.00,691.7783
62.50,485.9233
125.00,313.8972
187.50,38.1352
250.00,52.8281
312.50,36.7638
375.00,6.7007
437.50,12.7699
500.00,7.4134
airflow(m/s),2.69
clocktime,533564

0.00,275.7963
62.50,35.7711
125.00,130.5854
187.50,11.2633
250.00,37.7669
312.50,21.9865
375.00,23.3249
437.50,4.4654
500.00,8.7284
airflow(m/s),2.69
clocktime,535728

0.00,1831.6098
62.50,665.5785
125.00,197.9742
187.50,83.7791
250.00,18.3238
312.50,69.1980
375.00,24.2766
437.50,5.9092
500.00,15.4137
airflow(m/s),2.69
clocktime,537840

0.00,1085.9096
62.50,577.4627
125.00,119.0311
187.50,51.9972
250.00,38.9792
312.50,37.2059
375.00,16.9693
437.50,14.2199
500.00,9.8446
airflow(m/s),2.45
clocktime,539951

0.00,1321.4230
62.50,686.4668
125.00,87.9790
187.50,34.8464
250.00,12.0732
312.50,51.3961
375.00,15.4354
437.50,15.4544
500.00,10.2583
airflow(m/s),2.39
clocktime,542118

0.00,1178.2777
62.50,757.8341
125.00,144.5506
187.50,67.5254
250.00,36.1662
312.50,17.8964
375.00,12.8416
437.50,14.3573
500.00,1.2058
airflow(m/s),2.45
clocktime,544229

0.00,1062.8356
62.50,536.5039
125.00,136.3604
187.50,70.7232
250.00,44.0251
312.50,72.1196
375.00,40.1438
437.50,46.6870
500.00,28.5238
airflow(m/s),2.57
clocktime,546342

0.00,1418.8476
62.50,738.2265
125.00,179.4577
187.50,75.5874
250.00,47.4473
312.50,20.3847
375.00,14.5317
437.50,28.3003
500.00,9.0646
airflow(m/s),2.63
clocktime,548509

0.00,1749.4917
62.50,814.5514
125.00,203.1181
187.50,118.3605
250.00,22.3345
312.50,28.5094
375.00,8.0222
437.50,13.2041
500.00,10.4859
airflow(m/s),2.57
clocktime,550960

0.00,1441.3882
62.50,1310.3195
125.00,337.6215
187.50,35.0730
250.00,45.5153
312.50,9.5964
375.00,25.4992
437.50,23.3074
500.00,24.7167
airflow(m/s),2.82
clocktime,553075

0.00,113.4357
62.50,359.6465
125.00,246.6604
187.50,57.8457
250.00,29.4048
312.50,48.3574
375.00,21.6453
437.50,25.0221
500.00,48.7562
airflow(m/s),2.88
clocktime,555244

0.00,1628.2558
62.50,834.3079
125.00,134.9982
187.50,57.6698
250.00,60.2600
312.50,69.4902
375.00,35.0368
437.50,9.8475
500.00,18.4823
airflow(m/s),2.69
clocktime,557361

0.00,1650.8068
62.50,985.3489
125.00,191.9567
187.50,49.3977
250.00,35.5391
312.50,54.9105
375.00,33.4951
437.50,2.1386
500.00,15.4718
airflow(m/s),3.15
clocktime,559473

0.00,683.2114
62.50,595.6848
125.00,201.3202
187.50,72.1015
250.00,32.4968
312.50,69.1072
375.00,7.8403
437.50,47.5094
500.00,23.3369
airflow(m/s),2.51
clocktime,561636

0.00,1834.8625
62.50,1071.8764
125.00,202.6637
187.50,15.6990
250.00,3.9921
312.50,45.4535
375.00,20.0478
437.50,11.1044
500.00,16.3052
airflow(m/s),2.75
clocktime,563748

0.00,2685.5532
62.50,1270.4556
125.00,199.9477
187.50,15.3194
250.00,37.6380
312.50,57.8611
375.00,23.1343
437.50,7.7702
500.00,41.8688
airflow(m/s),2.45
clocktime,565912

0.00,844.7097
62.50,316.9202
125.00,54.5452
187.50,75.3936
250.00,75.5361
312.50,16.3178
375.00,14.4295
437.50,12.2072
500.00,24.7203
airflow(m/s),2.45
clocktime,568024

0.00,1775.7065
62.50,714.8943
125.00,103.1106
187.50,45.2654
250.00,49.6489
312.50,28.9357
375.00,17.8344
437.50,15.2322
500.00,13.5154
airflow(m/s),2.63
clocktime,570137

0.00,1110.4300
62.50,519.4234
125.00,74.0637
187.50,37.8598
250.00,52.7301
312.50,32.5403
375.00,22.1441
437.50,13.4955
500.00,14.8154
airflow(m/s),2.45
clocktime,572303

0.00,308.3685
62.50,525.2391
125.00,480.3281
187.50,125.5564
250.00,60.5929
312.50,42.4821
375.00,29.1046
437.50,15.4586
500.00,4.9081
airflow(m/s),2.51
clocktime,574418

0.00,407.7736
62.50,409.8395
125.00,74.4846
187.50,73.6475
250.00,12.4222
312.50,16.2068
375.00,18.8303
437.50,21.7584
500.00,30.2818
airflow(m/s),2.45
clocktime,576534

0.00,957.1322
62.50,348.9505
125.00,104.8529
187.50,88.4936
250.00,54.7163
312.50,37.6516
375.00,39.2240
437.50,15.0707
500.00,45.4767
airflow(m/s),2.63
clocktime,578702

0.00,612.3950
62.50,569.2559
125.00,219.7089
187.50,75.9585
250.00,38.5890
312.50,11.1287
375.00,16.7485
437.50,7.3433
500.00,16.1372
airflow(m/s),2.69
clocktime,580817

0.00,930.3030
62.50,143.9090
125.00,519.9471
187.50,111.2391
250.00,51.3066
312.50,40.8044
375.00,26.4079
437.50,9.2667
500.00,6.9221
airflow(m/s),2.82
clocktime,582933

0.00,2172.5153
62.50,1425.0134
125.00,265.6963
187.50,85.6051
250.00,74.7251
312.50,61.8609
375.00,24.4949
437.50,9.8215
500.00,51.4132
airflow(m/s),2.51
clocktime,585096

0.00,941.8109
62.50,813.2916
125.00,138.1580
187.50,64.1254
250.00,42.0411
312.50,35.8794
375.00,16.2456
437.50,22.7488
500.00,6.7502
airflow(m/s),2.63
clocktime,587208

0.00,2797.4387
62.50,1351.1821
125.00,44.4903
187.50,66.2694
250.00,27.7867
312.50,69.4403
375.00,17.9033
437.50,29.0392
500.00,17.1531
airflow(m/s),2.69
clocktime,589320

0.00,1837.9849
62.50,1341.4806
125.00,209.5422
187.50,64.3537
250.00,42.4633
312.50,35.8437
375.00,24.4704
437.50,14.7236
500.00,13.8697
airflow(m/s),2.88
clocktime,591484

0.00,808.3476
62.50,1312.2065
125.00,381.4258
187.50,84.4238
250.00,34.9243
312.50,56.6002
375.00,14.0059
437.50,30.9513
500.00,17.6600
airflow(m/s),2.69
clocktime,593596

0.00,1275.3113
62.50,819.3904
125.00,182.6894
187.50,44.7421
250.00,49.2771
312.50,49.4997
375.00,36.3515
437.50,8.3501
500.00,3.5304
airflow(m/s),2.82
clocktime,595724

0.00,2762.6341
62.50,1553.9855
125.00,131.7998
187.50,30.9138
250.00,49.9837
312.50,47.1079
375.00,18.6828
437.50,17.7184
500.00,27.2422
airflow(m/s),2.95
clocktime,597838

0.00,833.9140
62.50,921.5878
125.00,388.4243
187.50,120.3802
250.00,73.8342
312.50,70.7616
375.00,47.6083
437.50,21.3281
500.00,27.8081
airflow(m/s),2.82
clocktime,599954

0.00,33.9326
62.50,797.0011
125.00,238.2912
187.50,43.4908
250.00,45.3116
312.50,11.9303
375.00,25.0106
437.50,13.8241
500.00,26.3394
airflow(m/s),2.57
clocktime,602122

0.00,1913.5931
62.50,953.1583
125.00,106.7676
187.50,112.1811
250.00,14.3131
312.50,27.8838
375.00,33.1941
437.50,28.8536
500.00,22.5659
airflow(m/s),2.75
clocktime,604239

0.00,1567.6235
62.50,675.5928
125.00,141.4684
187.50,68.7733
250.00,56.8872
312.50,19.3850
375.00,5.3416
437.50,3.7677
500.00,7.9606
airflow(m/s),2.57
clocktime,606356

0.00,895.3032
62.50,722.2631
125.00,529.7743
187.50,122.2439
250.00,24.3063
312.50,51.1526
375.00,12.5231
437.50,15.9582
500.00,4.9123
airflow(m/s),2.51
clocktime,608524

0.00,679.8937
62.50,906.9571
125.00,381.5523
187.50,109.7860
250.00,4.4835
312.50,19.7380
375.00,15.2738
437.50,23.5766
500.00,20.4333
airflow(m/s),2.63
clocktime,610636

0.00,1398.7394
62.50,1158.2266
125.00,409.2581
187.50,77.7060
250.00,13.9828
312.50,8.4065
375.00,25.6410
437.50,9.3377
500.00,10.1050
airflow(m/s),2.34
clocktime,612747

0.00,2237.1848
62.50,1455.4980
125.00,515.9188
187.50,63.9962
250.00,34.1287
312.50,33.0582
375.00,32.1583
437.50,23.2268
500.00,15.9094
airflow(m/s),2.45
clocktime,614873

0.00,2169.8753
62.50,1510.0202
125.00,258.9164
187.50,51.8185
250.00,52.5018
312.50,10.6119
375.00,8.0109
437.50,21.7996
500.00,3.6412
airflow(m/s),2.63
clocktime,616985

0.00,3304.8766
62.50,1721.5587
125.00,271.1599
187.50,76.5472
250.00,28.3953
312.50,51.6162
375.00,16.2024
437.50,8.2956
500.00,24.0967
airflow(m/s),2.57
clocktime,619149

0.00,782.7831
62.50,184.0289
125.00,183.5054
187.50,45.3601
250.00,33.8754
312.50,32.4179
375.00,25.0893
437.50,1.9048
500.00,9.9082
airflow(m/s),2.57
clocktime,621262

0.00,366.7544
62.50,255.6187
125.00,197.3858
187.50,75.3118
250.00,67.0571
312.50,19.1443
375.00,31.5496
437.50,22.0450
500.00,21.2638
airflow(m/s),2.28
clocktime,623377

0.00,947.6586
62.50,475.6731
125.00,33.8621
187.50,32.7683
250.00,44.5916
312.50,67.3941
375.00,11.5170
437.50,4.6538
500.00,9.9817
airflow(m/s),2.39
clocktime,625544

0.00,2553.9951
62.50,1133.3624
125.00,115.5397
187.50,138.0752
250.00,26.1521
312.50,38.8366
375.00,17.0070
437.50,20.3818
500.00,11.0811
airflow(m/s),3.15
clocktime,627661

0.00,763.8178
62.50,159.1236
125.00,515.7116
187.50,193.9709
250.00,80.5755
312.50,30.4570
375.00,10.2861
437.50,6.1434
500.00,11.3883
airflow(m/s),2.82
clocktime,629778

0.00,1646.5024
62.50,1681.9198
125.00,480.3778
187.50,48.9187
250.00,70.9521
312.50,75.8678
375.00,7.9167
437.50,33.9635
500.00,24.8096
airflow(m/s),2.88
clocktime,631945

0.00,5491.2620
62.50,3129.2647
125.00,554.6938
187.50,101.3529
250.00,91.3996
312.50,47.7932
375.00,5.8073
437.50,15.4395
500.00,15.6755
airflow(m/s),1.73
clocktime,634058

0.00,1207.6060
62.50,1147.3573
125.00,141.0703
187.50,17.2239
250.00,62.5653
312.50,78.0285
375.00,36.2338
437.50,16.6376
500.00,24.6756
airflow(m/s),2.57
clocktime,636169

0.00,2132.7010
62.50,1255.8228
125.00,125.9693
187.50,72.5069
250.00,76.9967
312.50,63.3271
375.00,22.3695
437.50,15.7111
500.00,29.2443
airflow(m/s),2.51
clocktime,638333

0.00,460.8441
62.50,77.3301
125.00,103.6185
187.50,69.2846
250.00,39.1319
312.50,6.1329
375.00,15.3305
437.50,12.3078
500.00,5.7985
airflow(m/s),2.69
clocktime,640444

0.00,1884.4224
62.50,742.9069
125.00,68.1815
187.50,122.3577
250.00,53.4086
312.50,46.3258
375.00,29.5244
437.50,24.1714
500.00,11.7825
airflow(m/s),2.57
clocktime,642555

0.00,1573.3867
62.50,993.5730
125.00,141.0342
187.50,90.4765
250.00,68.7104
312.50,49.1182
375.00,12.2870
437.50,28.9700
500.00,17.4279
airflow(m/s),2.69
clocktime,644721

0.00,918.0243
62.50,588.1766
125.00,227.7773
187.50,94.6010
250.00,53.3451
312.50,17.8258
375.00,28.4018
437.50,19.3802
500.00,13.0792
airflow(m/s),2.95
clocktime,646835

0.00,5382.9852
62.50,2802.2907
125.00,377.4948
187.50,75.6618
250.00,48.3025
312.50,27.6853
375.00,34.9539
437.50,27.3522
500.00,10.5333
airflow(m/s),3.98
clocktime,649002

0.00,987.2765
62.50,512.0766
125.00,114.1139
187.50,111.5125
250.00,35.9821
312.50,57.3433
375.00,4.9346
437.50,10.7413
500.00,21.4664
airflow(m/s),3.01
clocktime,651118

0.00,526.4842
62.50,1043.4402
125.00,352.8141
187.50,45.3903
250.00,38.6312
312.50,58.5103
375.00,11.1815
437.50,30.0177
500.00,21.6149
airflow(m/s),2.69
clocktime,653235

0.00,1213.8134
62.50,839.7056
125.00,152.7858
187.50,87.1037
250.00,18.7426
312.50,19.5731
375.00,17.0564
437.50,20.3667
500.00,39.6972
airflow(m/s),2.75
clocktime,655367

0.00,3256.7959
62.50,1667.3192
125.00,312.2703
187.50,126.4980
250.00,31.7765
312.50,21.6308
375.00,17.6645
437.50,9.2881
500.00,20.9067
airflow(m/s),2.63
clocktime,657481

0.00,1280.8666
62.50,531.6119
125.00,167.0076
187.50,69.9273
250.00,40.2906
312.50,36.2207
375.00,5.7735
437.50,4.6380
500.00,5.2422
airflow(m/s),2.63
clocktime,659592

0.00,105.0130
62.50,44.5117
125.00,112.7812
187.50,71.9716
250.00,24.4187
312.50,23.7590
375.00,24.5985
437.50,11.0965
500.00,17.9277
airflow(m/s),2.51
clocktime,661756

0.00,63.4419
62.50,332.8849
125.00,215.6176
187.50,46.4408
250.00,25.1579
312.50,22.3349
375.00,10.0279
437.50,11.6081
500.00,10.5337
airflow(m/s),3.29
clocktime,663867

0.00,811.3024
62.50,745.0134
125.00,269.4658
187.50,37.4650
250.00,35.0064
312.50,53.1959
375.00,29.3917
437.50,16.6880
500.00,16.9977
airflow(m/s),2.63
clocktime,665979

0.00,2472.6245
62.50,1188.2848
125.00,167.1965
187.50,79.6255
250.00,31.2683
312.50,53.6061
375.00,4.7975
437.50,22.7071
500.00,8.8976
airflow(m/s),2.57
clocktime,668144

0.00,1243.9085
62.50,954.1656
125.00,151.3584
187.50,35.4701
250.00,9.7123
312.50,25.3613
375.00,25.2521
437.50,15.7415
500.00,19.2302
airflow(m/s),2.69
clocktime,670257

0.00,5334.3865
62.50,2665.1200
125.00,341.3500
187.50,81.0697
250.00,36.7208
312.50,37.8732
375.00,19.6765
437.50,14.8572
500.00,7.5128
airflow(m/s),3.22
clocktime,672372

0.00,825.2304
62.50,1343.5811
125.00,542.7099
187.50,125.5007
250.00,33.0236
312.50,31.9886
375.00,36.2775
437.50,14.7552
500.00,18.5723
airflow(m/s),3.90
clocktime,674544

0.00,858.9980
62.50,178.8455
125.00,144.9270
187.50,14.1567
250.00,46.7646
312.50,56.7791
375.00,29.6564
437.50,10.5904
500.00,6.0941
airflow(m/s),3.36
clocktime,676660

0.00,992.5011
62.50,659.9833
125.00,363.3094
187.50,58.8357
250.00,53.4622
312.50,37.1401
375.00,5.0099
437.50,13.5467
500.00,15.6287
airflow(m/s),4.67
clocktime,678828

0.00,235.2645
62.50,982.4042
125.00,242.6925
187.50,72.8677
250.00,11.5672
312.50,23.6367
375.00,10.1032
437.50,55.0064
500.00,6.8981
airflow(m/s),4.95
clocktime,680944

0.00,19.5219
62.50,322.8061
125.00,283.9888
187.50,77.5082
250.00,13.1396
312.50,15.6114
375.00,24.0781
437.50,26.9303
500.00,15.1665
airflow(m/s),2.57
clocktime,683056

0.00,1223.3214
62.50,1017.1562
125.00,194.5740
187.50,40.7854
250.00,144.7996
312.50,104.2199
375.00,38.8170
437.50,14.0077
500.00,9.7375
airflow(m/s),2.34
clocktime,685219

0.00,2104.5304
62.50,747.9811
125.00,152.8871
187.50,30.5032
250.00,86.1515
312.50,52.6368
375.00,21.6187
437.50,13.4434
500.00,19.7542
airflow(m/s),2.75
clocktime,687331

0.00,5107.9504
62.50,2504.5896
125.00,153.6687
187.50,101.4784
250.00,87.7572
312.50,13.8999
375.00,3.3174
437.50,14.0593
500.00,8.9186
airflow(m/s),2.75
clocktime,689442

0.00,988.6242
62.50,637.9846
125.00,241.7483
187.50,73.5691
250.00,45.1047
312.50,52.8295
375.00,3.4012
437.50,13.0159
500.00,40.4894
airflow(m/s),2.95
clocktime,691606

0.00,1904.6057
62.50,1027.8752
125.00,186.5243
187.50,157.7786
250.00,114.6868
312.50,33.8345
375.00,20.2126
437.50,18.9457
500.00,35.9519
airflow(m/s),3.51
clocktime,693719

0.00,1419.9218
62.50,677.4007
125.00,166.8946
187.50,2.8933
250.00,30.6262
312.50,36.6810
375.00,15.8092
437.50,11.1013
500.00,7.7889
airflow(m/s),2.95
clocktime,695833

0.00,241.4578
62.50,773.3999
125.00,223.3155
187.50,103.7492
250.00,46.4027
312.50,43.9782
375.00,18.0223
437.50,20.8715
500.00,5.9864
airflow(m/s),2.88
clocktime,697999

0.00,925.3937
62.50,303.2248
125.00,158.2361
187.50,13.5453
250.00,71.8605
312.50,50.3904
375.00,23.8180
437.50,24.8147
500.00,17.9821
airflow(m/s),3.36
clocktime,700113

0.00,851.9303
62.50,425.0982
125.00,365.2782
187.50,14.6910
250.00,67.0628
312.50,51.5557
375.00,39.5247
437.50,7.6592
500.00,28.0798
airflow(m/s),5.65
clocktime,702227

0.00,1308.4448
62.50,981.5317
125.00,351.7570
187.50,194.7822
250.00,116.2455
312.50,75.7004
375.00,26.2289
437.50,31.4613
500.00,20.4692
airflow(m/s),2.82
clocktime,704397

0.00,2086.6197
62.50,1256.8946
125.00,267.3825
187.50,92.5816
250.00,60.7950
312.50,18.7337
375.00,21.7688
437.50,11.1770
500.00,13.1064
airflow(m/s),2.69
clocktime,706512

0.00,2180.5514
62.50,1356.8383
125.00,353.6198
187.50,58.9732
250.00,81.3917
312.50,83.8434
375.00,154.6318
437.50,50.1405
500.00,21.3421
airflow(m/s),2.63
clocktime,708676

0.00,234.9654
62.50,179.5513
125.00,52.9163
187.50,90.2461
250.00,53.5028
312.50,46.1724
375.00,5.4756
437.50,14.0559
500.00,5.1685
airflow(m/s),2.69
clocktime,710787

0.00,26.6671
62.50,192.0190
125.00,125.6065
187.50,88.4964
250.00,125.9630
312.50,52.9937
375.00,34.9328
437.50,15.3863
500.00,6.5747
airflow(m/s),2.69
clocktime,712898

0.00,2158.6014
62.50,1220.7865
125.00,109.1182
187.50,147.6226
250.00,120.4577
312.50,38.8153
375.00,11.7722
437.50,13.7564
500.00,3.7241
airflow(m/s),2.69
clocktime,715063

0.00,1263.9327
62.50,663.8226
125.00,231.3754
187.50,73.5131
250.00,30.8546
312.50,40.4894
375.00,19.8139
437.50,10.7526
500.00,12.6876
airflow(m/s),2.51
clocktime,717174

0.00,601.7630
62.50,559.0056
125.00,108.6373
187.50,120.1661
250.00,80.5679
312.50,19.8208
375.00,9.6272
437.50,12.2183
500.00,12.9997
airflow(m/s),2.82
clocktime,719287

0.00,1929.6790
62.50,1467.3535
125.00,415.6976
187.50,19.3926
250.00,82.9884
312.50,63.4018
375.00,22.0941
437.50,7.4877
500.00,8.3129
airflow(m/s),2.95
clocktime,721454

0.00,1675.1237
62.50,856.9747
125.00,74.0555
187.50,94.1268
250.00,83.1063
312.50,29.9716
375.00,5.7486
437.50,14.9948
500.00,14.5740
airflow(m/s),1.97
clocktime,723571

0.00,1954.4969
62.50,948.0960
125.00,315.2957
187.50,36.9423
250.00,127.0207
312.50,77.1141
375.00,26.6675
437.50,12.8769
500.00,13.0382
airflow(m/s),2.95
clocktime,725687

0.00,856.2245
62.50,600.1154
125.00,258.6811
187.50,25.3604
250.00,43.3931
312.50,34.0353
375.00,21.9040
437.50,19.2302
500.00,21.7474
airflow(m/s),2.63
clocktime,727856

0.00,618.4549
62.50,407.3768
125.00,220.4540
187.50,125.4459
250.00,60.6685
312.50,39.0645
375.00,19.5186
437.50,10.0661
500.00,14.8820
airflow(m/s),2.57
clocktime,729972

0.00,2967.6002
62.50,1771.1133
125.00,123.9598
187.50,133.3123
250.00,139.1001
312.50,72.0070
375.00,36.3309
437.50,11.4937
500.00,19.5023
airflow(m/s),2.75
clocktime,732086

0.00,590.9392
62.50,775.0127
125.00,423.0122
187.50,66.6648
250.00,97.7756
312.50,65.2815
375.00,21.7861
437.50,11.2029
500.00,15.6872
airflow(m/s),2.75
clocktime,734253

0.00,105.7709
62.50,270.8264
125.00,283.6496
187.50,36.6711
250.00,78.7867
312.50,44.2249
375.00,20.2855
437.50,2.8516
500.00,14.0349
airflow(m/s),7.64
clocktime,736366

0.00,657.5629
62.50,218.5847
125.00,89.9004
187.50,46.9560
250.00,95.2534
312.50,54.5515
375.00,29.2184
437.50,22.8981
500.00,13.3787
airflow(m/s),3.29
clocktime,738492

0.00,82.0438
62.50,81.4684
125.00,15.9132
187.50,98.3106
250.00,77.4915
312.50,16.5324
375.00,16.2066
437.50,16.1941
500.00,13.2342
airflow(m/s),2.95
clocktime,740604

0.00,1094.2429
62.50,993.1410
125.00,476.7987
187.50,117.0348
250.00,94.3256
312.50,47.8373
375.00,11.9617
437.50,13.5642
500.00,10.9807
airflow(m/s),2.75
clocktime,742715

0.00,1981.9560
62.50,1016.0872
125.00,102.9285
187.50,101.2371
250.00,128.3105
312.50,80.2724
375.00,3.6072
437.50,11.2827
500.00,8.6347
airflow(m/s),2.63
clocktime,744882

0.00,1748.3442
62.50,1306.0315
125.00,440.7807
187.50,41.3463
250.00,63.1573
312.50,67.9636
375.00,37.5787
437.50,28.3151
500.00,12.4710
airflow(m/s),2.75
clocktime,746997

0.00,416.1291
62.50,308.1755
125.00,147.5671
187.50,41.9914
250.00,50.0381
312.50,60.8568
375.00,15.3933
437.50,4.6744
500.00,19.2435
airflow(m/s),2.17
clocktime,749114

0.00,4177.0977
62.50,2168.7569
125.00,359.6635
187.50,59.0987
250.00,80.8603
312.50,16.1798
375.00,14.2852
437.50,16.7369
500.00,10.6535
airflow(m/s),3.01
clocktime,751283

0.00,601.5700
62.50,483.0874
125.00,184.0878
187.50,105.1160
250.00,128.6366
312.50,50.5326
375.00,59.4551
437.50,48.6408
500.00,25.7112
airflow(m/s),2.75
clocktime,753400

0.00,899.1198
62.50,806.6826
125.00,174.8857
187.50,104.2208
250.00,131.0448
312.50,68.0975
375.00,36.6297
437.50,8.2251
500.00,24.2756
airflow(m/s),3.22
clocktime,755517

0.00,1521.2080
62.50,1054.4036
125.00,382.1528
187.50,62.5937
250.00,70.4986
312.50,49.3249
375.00,20.8448
437.50,13.6106
500.00,4.5344
airflow(m/s),3.01
clocktime,757681

0.00,2400.7300
62.50,1516.4699
125.00,299.7597
187.50,107.5923
250.00,76.9269
312.50,77.9152
375.00,25.4555
437.50,36.2037
500.00,8.8289
airflow(m/s),3.08
clocktime,759792

0.00,519.5136
62.50,288.9991
125.00,151.1021
187.50,97.5488
250.00,48.4750
312.50,55.6901
375.00,13.0111
437.50,15.3048
500.00,4.8285
airflow(m/s),7.01
clocktime,761956

0.00,971.6564
62.50,1043.0174
125.00,588.4673
187.50,109.8063
250.00,50.9666
312.50,24.7695
375.00,7.2593
437.50,10.1163
500.00,2.2088
airflow(m/s),2.75
clocktime,764067

0.00,1092.5579
62.50,953.8870
125.00,214.1379
187.50,82.3909
250.00,70.1745
312.50,69.7598
375.00,34.9157
437.50,17.4525
500.00,18.7797
airflow(m/s),2.82
clocktime,766180

0.00,2141.9553
62.50,952.6885
125.00,157.0974
187.50,87.1695
250.00,40.1738
312.50,19.3457
375.00,32.4678
437.50,31.1166
500.00,14.0767
airflow(m/s),2.82
clocktime,768345

0.00,2264.4113
62.50,1382.4580
125.00,180.1192
187.50,17.2047
250.00,100.2140
312.50,86.8498
375.00,30.1163
437.50,7.8662
500.00,9.0440
airflow(m/s),2.95
clocktime,770459

0.00,2037.2517
62.50,674.6426
125.00,143.4994
187.50,108.6157
250.00,131.2815
312.50,89.6667
375.00,37.2476
437.50,15.7824
500.00,7.0023
airflow(m/s),2.57
clocktime,772576

0.00,599.0500
62.50,123.6755
125.00,294.5849
187.50,38.3379
250.00,83.7960
312.50,46.9955
375.00,29.7520
437.50,12.7725
500.00,17.6053
airflow(m/s),2.57
clocktime,774744

0.00,902.9669
62.50,649.0582
125.00,116.0221
187.50,64.0504
250.00,146.7425
312.50,60.8627
375.00,13.5187
437.50,22.6917
500.00,26.5920
airflow(m/s),2.57
clocktime,776861

0.00,435.2557
62.50,163.2855
125.00,184.8326
187.50,85.7386
250.00,107.3303
312.50,42.5029
375.00,47.8367
437.50,31.4256
500.00,12.8485
airflow(m/s),3.36
clocktime,778977

0.00,306.8241
62.50,116.9388
125.00,115.0198
187.50,69.5214
250.00,63.6470
312.50,14.4122
375.00,12.7200
437.50,11.4919
500.00,17.4537
airflow(m/s),2.75
clocktime,781143

0.00,1070.3237
62.50,569.4520
125.00,342.5412
187.50,70.8403
250.00,114.8578
312.50,74.1140
375.00,12.0180
437.50,19.7581
500.00,11.8528
airflow(m/s),3.08
clocktime,783255

0.00,3127.2153
62.50,1235.5017
125.00,295.6612
187.50,79.6452
250.00,61.7040
312.50,51.4703
375.00,34.6641
437.50,6.4398
500.00,14.6209
airflow(m/s),2.45
clocktime,785367

0.00,3299.2419
62.50,1547.5022
125.00,61.1665
187.50,112.5446
250.00,123.5180
312.50,48.7519
375.00,6.8316
437.50,11.0215
500.00,20.6337
airflow(m/s),3.22
clocktime,787531

0.00,1154.7637
62.50,800.2853
125.00,142.1914
187.50,119.9696
250.00,124.4782
312.50,43.4323
375.00,25.8600
437.50,20.0064
500.00,26.9526
airflow(m/s),2.51
clocktime,789644

0.00,3856.8674
62.50,1716.4955
125.00,148.1986
187.50,198.3918
250.00,79.3816
312.50,26.6200
375.00,12.7512
437.50,8.5109
500.00,13.6325
airflow(m/s),3.01
clocktime,791808

0.00,1004.0283
62.50,619.9506
125.00,155.0726
187.50,156.1324
250.00,162.5013
312.50,80.4700
375.00,25.8625
437.50,13.4065
500.00,9.5454
airflow(m/s),2.69
clocktime,793921

0.00,2577.8805
62.50,1263.8334
125.00,317.6356
187.50,209.5515
250.00,113.5235
312.50,13.2030
375.00,21.2206
437.50,6.2233
500.00,9.1150
airflow(m/s),2.57
clocktime,796037

0.00,2020.5926
62.50,978.1767
125.00,14.4773
187.50,54.1057
250.00,76.1629
312.50,74.7855
375.00,20.7480
437.50,37.0830
500.00,34.9831
airflow(m/s),2.63
clocktime,798209

0.00,1839.4995
62.50,1103.2374
125.00,168.5722
187.50,19.9682
250.00,58.8003
312.50,48.5235
375.00,35.9476
437.50,8.4518
500.00,10.1716
airflow(m/s),2.63
clocktime,800327

0.00,1591.8847
62.50,1097.6502
125.00,367.4086
187.50,76.2742
250.00,62.3586
312.50,17.6261
375.00,12.1814
437.50,24.5806
500.00,12.8357
airflow(m/s),2.75
clocktime,802443

0.00,1450.4070
62.50,772.5285
125.00,74.5922
187.50,48.0413
250.00,114.0019
312.50,67.5996
375.00,2.9879
437.50,15.2305
500.00,7.3189
airflow(m/s),2.95
clocktime,804611

0.00,1635.1600
62.50,884.0528
125.00,222.9483
187.50,118.3556
250.00,82.2354
312.50,29.8521
375.00,11.2808
437.50,3.1678
500.00,7.0273
airflow(m/s),2.57
clocktime,806724

0.00,1742.0578
62.50,663.8406
125.00,39.8356
187.50,95.8866
250.00,118.2592
312.50,83.9401
375.00,36.4091
437.50,27.9957
500.00,4.8476
airflow(m/s),3.01
clocktime,808837

0.00,984.0149
62.50,331.5355
125.00,195.2469
187.50,139.7746
250.00,78.9941
312.50,30.1510
375.00,8.9278
437.50,17.7694
500.00,22.3481
airflow(m/s),3.01
clocktime,811002

0.00,2101.8013
62.50,968.9389
125.00,122.1582
187.50,151.1086
250.00,101.7732
312.50,44.7424
375.00,9.9135
437.50,13.8173
500.00,12.0460
airflow(m/s),2.57
clocktime,813114

0.00,898.3478
62.50,812.9889
125.00,449.1864
187.50,198.5877
250.00,115.4977
312.50,48.3030
375.00,12.6047
437.50,3.8927
500.00,11.8910
airflow(m/s),2.63
clocktime,815278

0.00,933.4728
62.50,249.2007
125.00,184.7421
187.50,43.1035
250.00,64.7989
312.50,40.9228
375.00,22.9338
437.50,2.5932
500.00,18.3989
airflow(m/s),2.69
clocktime,817390

0.00,3861.1563
62.50,1698.2413
125.00,182.8704
187.50,112.3507
250.00,111.6358
312.50,47.8744
375.00,14.0221
437.50,17.9247
500.00,27.2713
airflow(m/s),2.63
clocktime,819506

0.00,223.0980
62.50,373.7718
125.00,121.3247
187.50,76.1899
250.00,40.2841
312.50,24.0738
375.00,26.9723
437.50,5.5988
500.00,21.1705
airflow(m/s),2.69
clocktime,821673

0.00,721.1008
62.50,545.5847
125.00,102.8686
187.50,101.5842
250.00,76.3488
312.50,99.0836
375.00,25.2786
437.50,5.6138
500.00,20.7213
airflow(m/s),2.51
clocktime,823790

0.00,1327.9036
62.50,808.6100
125.00,234.0653
187.50,109.3275
250.00,135.7189
312.50,19.3866
375.00,8.0524
437.50,7.6410
500.00,11.8915
airflow(m/s),2.57
clocktime,825908

0.00,538.6544
62.50,307.5236
125.00,110.2178
187.50,127.4273
250.00,79.1562
312.50,23.5305
375.00,7.6180
437.50,18.3283
500.00,16.6511
airflow(m/s),2.51
clocktime,828077

0.00,1562.7941
62.50,582.5765
125.00,192.5394
187.50,96.8042
250.00,49.9786
312.50,45.0890
375.00,22.9322
437.50,22.0820
500.00,12.8178
airflow(m/s),2.75
clocktime,830190

0.00,1186.4752
62.50,810.3482
125.00,343.2483
187.50,104.6704
250.00,44.8685
312.50,15.8746
375.00,8.6417
437.50,19.0459
500.00,9.2962
airflow(m/s),3.08
clocktime,832303

0.00,1998.7955
62.50,1144.6780
125.00,253.5964
187.50,28.0226
250.00,62.4241
312.50,34.5170
375.00,7.3767
437.50,8.4347
500.00,8.1222
airflow(m/s),3.22
clocktime,834467

0.00,357.5860
62.50,164.9796
125.00,107.8104
187.50,99.3217
250.00,53.2789
312.50,8.9847
375.00,18.6838
437.50,14.5763
500.00,5.8824
airflow(m/s),2.75
clocktime,836579

0.00,487.5612
62.50,210.4112
125.00,82.5156
187.50,165.0980
250.00,107.3997
312.50,73.9088
375.00,41.4682
437.50,22.7943
500.00,21.8146
airflow(m/s),2.69
clocktime,838691

0.00,2902.9754
62.50,1335.1706
125.00,247.6762
187.50,107.4606
250.00,62.6685
312.50,7.1339
375.00,20.6977
437.50,11.7835
500.00,2.2343
airflow(m/s),2.63
clocktime,840855

0.00,2148.6011
62.50,1122.0185
125.00,279.6006
187.50,73.8898
250.00,24.5554
312.50,55.3725
375.00,38.9152
437.50,27.6122
500.00,16.2927
airflow(m/s),2.75
clocktime,842969

0.00,633.7201
62.50,1013.1329
125.00,312.1893
187.50,26.8365
250.00,49.9807
312.50,65.6537
375.00,27.2281
437.50,29.3984
500.00,12.5148
airflow(m/s),2.63
clocktime,845137

0.00,2337.4314
62.50,1540.0335
125.00,489.9765
187.50,117.1437
250.00,65.2932
312.50,67.8799
375.00,13.5706
437.50,0.9688
500.00,15.2259
airflow(m/s),2.57
clocktime,847253

0.00,603.0860
62.50,544.6911
125.00,166.8493
187.50,105.2490
250.00,83.3099
312.50,33.4895
375.00,9.6709
437.50,29.2627
500.00,19.0847
airflow(m/s),2.63
clocktime,849370

0.00,3174.6844
62.50,1372.7501
125.00,59.2966
187.50,53.3716
250.00,65.7393
312.50,35.0521
375.00,20.6837
437.50,12.8512
500.00,14.4567
airflow(m/s),2.39
clocktime,851539

0.00,1929.8865
62.50,956.6753
125.00,111.5301
187.50,144.2643
250.00,110.0431
312.50,21.4504
375.00,0.7210
437.50,16.8484
500.00,9.2740
airflow(m/s),2.45
clocktime,853655

0.00,2340.3164
62.50,900.9634
125.00,169.9283
187.50,139.4514
250.00,75.4976
312.50,47.8852
375.00,27.5568
437.50,13.3581
500.00,3.2906
airflow(m/s),2.34
clocktime,855767

0.00,1161.3047
62.50,408.5934
125.00,190.3025
187.50,42.0828
250.00,56.2487
312.50,52.6746
375.00,12.1220
437.50,5.9981
500.00,11.9667
airflow(m/s),2.51
clocktime,857935

0.00,2038.2398
62.50,961.5740
125.00,155.5138
187.50,120.2163
250.00,125.7264
312.50,21.5722
375.00,15.7796
437.50,14.4916
500.00,33.5695
airflow(m/s),2.51
clocktime,860047

0.00,508.9368
62.50,212.2082
125.00,186.1697
187.50,103.0240
250.00,72.6953
312.50,39.7174
375.00,15.3449
437.50,24.7509
500.00,31.4644
airflow(m/s),2.57
clocktime,862159

0.00,1090.2720
62.50,877.2422
125.00,154.3839
187.50,90.9483
250.00,60.8467
312.50,25.0611
375.00,11.5156
437.50,12.9413
500.00,9.4090
airflow(m/s),2.57
clocktime,864323

0.00,423.5806
62.50,168.5438
125.00,83.5865
187.50,132.3685
250.00,65.3757
312.50,43.1372
375.00,23.4657
437.50,6.5742
500.00,4.9716
airflow(m/s),2.75
clocktime,866435

0.00,1221.3944
62.50,536.1671
125.00,98.1553
187.50,96.0983
250.00,58.9987
312.50,51.5300
375.00,27.2895
437.50,3.8650
500.00,14.1583
airflow(m/s),3.01
clocktime,868550

0.00,1762.6739
62.50,1345.6036
125.00,285.4044
187.50,64.8601
250.00,55.8450
312.50,32.7761
375.00,35.8651
437.50,15.5396
500.00,38.4160
airflow(m/s),2.69
clocktime,870718

0.00,508.2797
62.50,260.2697
125.00,411.0768
187.50,75.3931
250.00,62.6815
312.50,32.9849
375.00,25.3221
437.50,30.4436
500.00,27.3682
airflow(m/s),2.69
clocktime,872834

0.00,1169.9258
62.50,597.5450
125.00,84.6110
187.50,65.1269
250.00,59.7648
312.50,48.8335
375.00,14.2559
437.50,11.3448
500.00,17.3239
airflow(m/s),2.75
clocktime,875003

0.00,1149.0470
62.50,545.0391
125.00,88.0663
187.50,191.6413
250.00,132.4131
312.50,55.6577
375.00,23.3799
437.50,9.5933
500.00,21.3885
airflow(m/s),2.75
clocktime,877120

0.00,46.9060
62.50,293.9794
125.00,194.9872
187.50,85.6736
250.00,94.1107
312.50,27.3270
375.00,20.6263
437.50,19.7807
500.00,31.2068
airflow(m/s),3.01
clocktime,879234

0.00,2153.1903
62.50,970.5745
125.00,127.7350
187.50,117.8407
250.00,88.3387
312.50,8.5159
375.00,25.5609
437.50,11.4588
500.00,13.0920
airflow(m/s),3.01
clocktime,881399

0.00,679.5740
62.50,442.1307
125.00,119.1131
187.50,103.3023
250.00,35.6270
312.50,63.5043
375.00,28.2838
437.50,16.9317
500.00,12.2360
airflow(m/s),2.69
clocktime,883512

0.00,127.3490
62.50,202.3302
125.00,170.2226
187.50,114.8983
250.00,90.9931
312.50,32.2301
375.00,19.7620
437.50,7.1970
500.00,21.4285
airflow(m/s),3.51
clocktime,885624

0.00,50.5610
62.50,358.2220
125.00,238.3098
187.50,14.3825
250.00,104.8893
312.50,58.5611
375.00,8.8680
437.50,4.6565
500.00,17.4378
airflow(m/s),2.88
clocktime,887788

0.00,1570.4161
62.50,1269.7410
125.00,542.5294
187.50,234.0524
250.00,226.1097
312.50,145.0530
375.00,69.3646
437.50,66.7766
500.00,71.5537
airflow(m/s),2.88
clocktime,889899

0.00,358.4175
62.50,146.9160
125.00,299.4538
187.50,117.8324
250.00,163.6315
312.50,41.5808
375.00,57.5623
437.50,24.6238
500.00,12.5504
airflow(m/s),2.69
clocktime,892012

0.00,1536.8363
62.50,941.1586
125.00,296.0721
187.50,164.0171
250.00,83.0927
312.50,14.8428
375.00,23.2727
437.50,24.0265
500.00,3.4993
airflow(m/s),2.51
clocktime,894181

0.00,72.3835
62.50,468.9881
125.00,93.0998
187.50,77.3061
250.00,102.9056
312.50,63.8168
375.00,36.6058
437.50,18.3870
500.00,4.9302
airflow(m/s),2.51
clocktime,896298

0.00,940.5327
62.50,444.6580
125.00,261.4469
187.50,56.5135
250.00,56.6003
312.50,13.6538
375.00,10.3190
437.50,13.8741
500.00,10.6207
airflow(m/s),2.51
clocktime,898415

0.00,4128.9017
62.50,1556.1197
125.00,34.2327
187.50,62.6664
250.00,85.2106
312.50,33.2005
375.00,3.1809
437.50,8.4892
500.00,17.1961
airflow(m/s),2.75
clocktime,900585

0.00,1628.7311
62.50,904.2756
125.00,180.9812
187.50,113.6839
250.00,115.4624
312.50,14.9483
375.00,25.4211
437.50,6.9264
500.00,12.5337
airflow(m/s),2.63
clocktime,902702

0.00,843.0955
62.50,347.9187
125.00,118.5526
187.50,90.3095
250.00,98.9766
312.50,45.2076
375.00,9.4675
437.50,7.2603
500.00,7.1821
airflow(m/s),1.73
clocktime,904868

0.00,936.8638
62.50,766.5319
125.00,106.5856
187.50,70.9280
250.00,61.8811
312.50,5.3989
375.00,30.5594
437.50,27.6193
500.00,43.8150
airflow(m/s),2.75
clocktime,906980

0.00,615.7803
62.50,193.6892
125.00,192.9179
187.50,104.4269
250.00,124.9032
312.50,35.9594
375.00,14.4136
437.50,20.0757
500.00,0.9366
airflow(m/s),3.15
clocktime,909092

0.00,262.4097
62.50,375.1725
125.00,71.6251
187.50,120.4583
250.00,70.6403
312.50,8.1763
375.00,28.0619
437.50,3.1250
500.00,18.9365
airflow(m/s),3.01
clocktime,911257

0.00,616.3539
62.50,545.2254
125.00,225.4609
187.50,30.4170
250.00,76.7494
312.50,39.8899
375.00,18.4712
437.50,20.8517
500.00,7.5117
airflow(m/s),2.75
clocktime,913369

0.00,1114.4981
62.50,801.7464
125.00,202.2762
187.50,79.0467
250.00,47.4732
312.50,17.8850
375.00,13.1339
437.50,18.9342
500.00,21.7523
airflow(m/s),2.82
clocktime,915482

0.00,1361.1833
62.50,614.9394
125.00,153.6394
187.50,79.7906
250.00,90.1825
312.50,84.1537
375.00,16.0236
437.50,4.1830
500.00,25.0093
airflow(m/s),2.88
clocktime,917614

0.00,994.4354
62.50,826.5648
125.00,239.6090
187.50,99.8102
250.00,87.0518
312.50,4.7756
375.00,19.4600
437.50,26.9978
500.00,18.3711
airflow(m/s),2.69
clocktime,919730

0.00,364.5727
62.50,512.0440
125.00,63.5626
187.50,99.6419
250.00,133.8132
312.50,7.2720
375.00,12.9882
437.50,20.6275
500.00,8.4615
airflow(m/s),2.69
clocktime,921847

0.00,3639.1761
62.50,1660.5828
125.00,166.5746
187.50,101.8019
250.00,145.4501
312.50,67.2338
375.00,14.0054
437.50,10.5958
500.00,24.4961
airflow(m/s),2.63
clocktime,924016

0.00,831.2367
62.50,494.1718
125.00,107.4149
187.50,134.1383
250.00,149.7054
312.50,56.8562
375.00,4.0814
437.50,15.5547
500.00,16.4341
airflow(m/s),2.75
clocktime,926133

0.00,266.3841
62.50,1393.9728
125.00,385.5798
187.50,61.4350
250.00,111.8555
312.50,33.0929
375.00,40.9155
437.50,18.4881
500.00,18.2852
airflow(m/s),3.29
clocktime,928249

0.00,1073.1525
62.50,692.2478
125.00,13.0779
187.50,83.0674
250.00,92.6663
312.50,15.5391
375.00,17.7821
437.50,24.1647
500.00,16.8434
airflow(m/s),2.88
clocktime,930413

0.00,1107.7893
62.50,645.8129
125.00,29.6262
187.50,55.0916
250.00,88.2537
312.50,56.3471
375.00,25.2078
437.50,13.6178
500.00,16.4947
airflow(m/s),2.51
clocktime,932526

0.00,1300.1652
62.50,943.9272
125.00,160.0240
187.50,21.5109
250.00,76.0606
312.50,43.7463
375.00,6.0763
437.50,35.0089
500.00,25.2933
airflow(m/s),2.63
clocktime,934690

0.00,103.1364
62.50,441.2769
125.00,1.2975
187.50,80.9912
250.00,91.4082
312.50,73.1984
375.00,25.7770
437.50,18.9782
500.00,17.7713
airflow(m/s),2.34
clocktime,936802

0.00,3553.0661
62.50,1858.5873
125.00,244.6294
187.50,108.7472
250.00,61.3959
312.50,21.6134
375.00,10.8409
437.50,9.7545
500.00,13.9210
airflow(m/s),2.51
clocktime,938914

0.00,269.9110
62.50,236.0879
125.00,115.9097
187.50,44.5841
250.00,57.1916
312.50,11.9644
375.00,38.8241
437.50,33.7586
500.00,29.5238
airflow(m/s),2.69
clocktime,941040

0.00,1391.5504
62.50,828.7313
125.00,189.5499
187.50,149.2267
250.00,55.5584
312.50,3.9031
375.00,11.8292
437.50,12.7312
500.00,19.0744
airflow(m/s),3.15
clocktime,943156

0.00,1857.5170
62.50,1345.2315
125.00,373.6684
187.50,119.1465
250.00,132.9612
312.50,55.5757
375.00,21.1023
437.50,11.2183
500.00,10.1228
airflow(m/s),2.63
clocktime,945273

0.00,3572.2810
62.50,1993.9887
125.00,381.0833
187.50,96.8751
250.00,82.4377
312.50,45.6405
375.00,25.6397
437.50,10.2429
500.00,20.5623
airflow(m/s),2.63
clocktime,947442

0.00,2198.1527
62.50,1087.3938
125.00,193.6623
187.50,70.5550
250.00,99.2488
312.50,47.2676
375.00,9.6509
437.50,12.1472
500.00,14.2231
airflow(m/s),2.88
clocktime,949559

0.00,547.6354
62.50,290.4741
125.00,33.0853
187.50,1.9471
250.00,60.1394
312.50,34.0264
375.00,20.6012
437.50,24.5521
500.00,12.0818
airflow(m/s),2.63
clocktime,951677

0.00,1815.8776
62.50,1032.3756
125.00,126.4189
187.50,89.1859
250.00,115.9514
312.50,39.8848
375.00,14.0956
437.50,19.5555
500.00,14.6938
airflow(m/s),2.82
clocktime,953804

0.00,3073.0027
62.50,1843.2550
125.00,333.8602
187.50,93.3899
250.00,114.8553
312.50,51.4913
375.00,27.4840
437.50,21.2742
500.00,18.2868
airflow(m/s),3.08
clocktime,955917

0.00,138.8068
62.50,554.9489
125.00,395.5472
187.50,128.4433
250.00,101.7417
312.50,22.9295
375.00,33.0076
437.50,22.6954
500.00,23.9996
airflow(m/s),5.15
clocktime,958081

0.00,756.2530
62.50,347.3597
125.00,158.9060
187.50,90.8754
250.00,90.7364
312.50,30.9474
375.00,24.4331
437.50,3.1096
500.00,12.1846
airflow(m/s),7.90
clocktime,960192

0.00,131.2271
62.50,639.9417
125.00,248.2407
187.50,72.9818
250.00,92.9782
312.50,33.2620
375.00,13.6982
437.50,4.0463
500.00,11.8628
airflow(m/s),2.88
clocktime,962305

0.00,549.2098
62.50,656.7195
125.00,187.4239
187.50,50.4257
250.00,58.5520
312.50,62.7404
375.00,35.6759
437.50,23.6956
500.00,21.3538
airflow(m/s),3.66
clocktime,964470

0.00,539.7520
62.50,687.1379
125.00,294.4264
187.50,16.3564
250.00,56.7133
312.50,15.8898
375.00,10.3260
437.50,3.3510
500.00,15.6492
airflow(m/s),2.75
clocktime,966585

0.00,1417.2388
62.50,753.2206
125.00,189.8608
187.50,106.3518
250.00,104.6637
312.50,28.8693
375.00,1.8892
437.50,15.5361
500.00,3.4357
airflow(m/s),2.63
clocktime,968701

0.00,1264.9391
62.50,962.6676
125.00,329.2386
187.50,123.8031
250.00,100.3060
312.50,22.3797
375.00,6.6156
437.50,10.7073
500.00,21.3183
airflow(m/s),2.75
clocktime,970870

0.00,2826.8135
62.50,1386.6207
125.00,63.3131
187.50,121.4550
250.00,85.7825
312.50,35.5697
375.00,17.0930
437.50,15.0969
500.00,32.1102
airflow(m/s),2.69
clocktime,972987

0.00,3245.1744
62.50,1300.5390
125.00,148.2245
187.50,154.4216
250.00,79.0298
312.50,37.9385
375.00,14.9538
437.50,18.4458
500.00,12.1533
airflow(m/s),2.39
clocktime,975104

0.00,1522.7110
62.50,1389.9780
125.00,253.8188
187.50,96.5806
250.00,135.2910
312.50,39.1121
375.00,30.3191
437.50,29.1453
500.00,17.2860
airflow(m/s),2.63
clocktime,977273

0.00,3365.1919
62.50,1463.4187
125.00,269.7017
187.50,40.9321
250.00,59.3502
312.50,7.7521
375.00,10.1943
437.50,31.9843
500.00,19.8579
airflow(m/s),2.63
clocktime,979385

0.00,60.8264
62.50,290.7424
125.00,325.9453
187.50,71.3688
250.00,100.2236
312.50,50.7506
375.00,25.4998
437.50,12.8474
500.00,8.7456
airflow(m/s),2.75
clocktime,981499

0.00,13.4775
62.50,762.4510
125.00,214.7870
187.50,92.3015
250.00,120.2053
312.50,39.7805
375.00,12.6663
437.50,35.2423
500.00,5.4696
airflow(m/s),3.08
clocktime,983666

0.00,3261.5714
62.50,1599.1842
125.00,248.5694
187.50,55.9832
250.00,91.1840
312.50,49.5219
375.00,13.4481
437.50,10.9963
500.00,14.7282
airflow(m/s),2.63
clocktime,985778

0.00,497.4844
62.50,825.5581
125.00,96.6733
187.50,25.1677
250.00,86.6934
312.50,8.6159
375.00,35.9189
437.50,19.3645
500.00,12.8490
airflow(m/s),2.75
clocktime,987942

0.00,345.6315
62.50,310.1851
125.00,123.7499
187.50,24.8224
250.00,72.0980
312.50,15.9902
375.00,10.9085
437.50,18.9204
500.00,16.6453
airflow(m/s),2.63
clocktime,990055

0.00,2618.7421
62.50,1474.3004
125.00,169.7646
187.50,74.5356
250.00,69.7017
312.50,32.9981
375.00,21.5489
437.50,18.0662
500.00,12.4965
airflow(m/s),2.63
clocktime,992203

0.00,1044.9587
62.50,631.8011
125.00,51.7787
187.50,146.7033
250.00,140.7697
312.50,48.9652
375.00,28.3203
437.50,8.7708
500.00,19.0181
airflow(m/s),2.57
clocktime,994370

0.00,139.5009
62.50,318.2051
125.00,59.4482
187.50,93.3149
250.00,50.9308
312.50,42.8888
375.00,10.4639
437.50,14.2779
500.00,23.9543
airflow(m/s),2.63
clocktime,996487

0.00,4483.2401
62.50,2209.0362
125.00,266.5127
187.50,54.5957
250.00,44.6711
312.50,30.5591
375.00,6.2182
437.50,9.4253
500.00,13.1168
airflow(m/s),2.51
clocktime,998604

0.00,3914.6735
62.50,2154.9472
125.00,390.6509
187.50,119.0104
250.00,80.4260
312.50,51.0379
375.00,35.4901
437.50,17.6480
500.00,18.2645
airflow(m/s),2.51
clocktime,1000774

0.00,1795.1002
62.50,861.3513
125.00,123.3384
187.50,58.2318
250.00,58.4277
312.50,11.1541
375.00,9.6263
437.50,5.6827
500.00,29.1201
airflow(m/s),2.69
clocktime,1002887

0.00,335.3606
62.50,963.7839
125.00,404.8367
187.50,178.5559
250.00,135.1279
312.50,51.8276
375.00,16.7443
437.50,14.5214
500.00,1.4369
airflow(m/s),2.57
clocktime,1005000

0.00,1663.7090
62.50,1188.4691
125.00,150.7407
187.50,100.5949
250.00,105.0806
312.50,23.1590
375.00,38.7436
437.50,10.4694
500.00,5.3598
airflow(m/s),2.45
clocktime,1007165

0.00,2558.7111
62.50,744.7402
125.00,389.8436
187.50,163.3098
250.00,110.0747
312.50,49.1920
375.00,6.7217
437.50,25.0275
500.00,21.1399
airflow(m/s),3.22
clocktime,1009277

0.00,441.1089
62.50,862.8718
125.00,253.8944
187.50,38.0953
250.00,47.8789
312.50,33.4014
375.00,1.4052
437.50,13.4788
500.00,18.3430
airflow(m/s),2.82
clocktime,1011390

0.00,2760.1535
62.50,1280.4247
125.00,148.4622
187.50,135.4109
250.00,79.7014
312.50,84.9455
375.00,20.0371
437.50,26.2281
500.00,15.4925
airflow(m/s),2.75
clocktime,1013555

0.00,3670.4528
62.50,1583.0529
125.00,114.6113
187.50,112.1938
250.00,148.3991
312.50,17.7680
375.00,13.5594
437.50,21.3621
500.00,3.7434
airflow(m/s),2.63
clocktime,1015669

0.00,1308.6139
62.50,1183.1974
125.00,312.2512
187.50,138.9507
250.00,109.9847
312.50,95.2909
375.00,21.8592
437.50,9.2743
500.00,31.5637
airflow(m/s),2.63
clocktime,1018170

0.00,548.3583
62.50,784.0805
125.00,329.0472
187.50,141.3597
250.00,37.3820
312.50,28.9862
375.00,22.7155
437.50,16.4925
500.00,20.0643
airflow(m/s),2.63
clocktime,1020286

0.00,155.7386
62.50,757.7944
125.00,270.7657
187.50,89.6350
250.00,42.5518
312.50,39.1130
375.00,31.9555
437.50,30.3113
500.00,45.1467
airflow(m/s),2.69
clocktime,1022404