0.00,28462.4228
62.50,12330.1317
125.00,189.0455
187.50,33.0033
250.00,75.6898
312.50,20.2986
375.00,43.3085
437.50,38.2486
500.00,20.6418
airflow(m/s),2.75
clocktime,3286

0.00,184.3749
62.50,40.4838
125.00,146.0944
187.50,45.7768
250.00,24.9302
312.50,36.0842
375.00,35.6923
437.50,6.7702
500.00,11.3418
airflow(m/s),6.89
clocktime,5152

0.00,1305.9678
62.50,671.4432
125.00,105.1491
187.50,21.6188
250.00,26.0220
312.50,9.8451
375.00,24.7289
437.50,10.6199
500.00,6.4893
airflow(m/s),3.51
clocktime,7068

0.00,257.6721
62.50,154.0965
125.00,113.8099
187.50,46.2623
250.00,24.1418
312.50,26.4442
375.00,29.4149
437.50,11.3723
500.00,5.0531
airflow(m/s),7.90
clocktime,9056

0.00,492.0854
62.50,275.0548
125.00,132.0039
187.50,45.4263
250.00,36.5211
312.50,65.6313
375.00,32.4806
437.50,2.5214
500.00,7.7069
airflow(m/s),7.51
clocktime,11042

0.00,636.0822
62.50,308.7084
125.00,158.1115
187.50,68.9484
250.00,21.3377
312.50,60.7509
375.00,53.7221
437.50,13.5560
500.00,15.4030
airflow(m/s),10.07
clocktime,13079

0.00,193.3714
62.50,182.5512
125.00,128.6339
187.50,39.4375
250.00,17.0911
312.50,9.2364
375.00,38.0929
437.50,27.5293
500.00,6.0474
airflow(m/s),3.51
clocktime,15060

0.00,142.5964
62.50,145.0275
125.00,150.1336
187.50,49.3929
250.00,6.1855
312.50,18.0191
375.00,28.3583
437.50,10.1812
500.00,15.7732
airflow(m/s),3.01
clocktime,17043

0.00,189.6242
62.50,365.2954
125.00,104.6631
187.50,26.8563
250.00,28.7676
312.50,23.5613
375.00,24.9529
437.50,14.4628
500.00,8.2636
airflow(m/s),5.35
clocktime,19079

0.00,1093.5101
62.50,531.5647
125.00,73.4073
187.50,37.8719
250.00,36.2953
312.50,60.5284
375.00,29.5604
437.50,10.6881
500.00,16.5822
airflow(m/s),5.35
clocktime,21060

0.00,30.9651
62.50,192.5814
125.00,124.3738
187.50,61.3889
250.00,56.7740
312.50,64.5804
375.00,60.7627
437.50,14.1338
500.00,12.5283
airflow(m/s),3.82
clocktime,23040

0.00,4923.6606
62.50,2185.6622
125.00,182.4321
187.50,137.5106
250.00,71.8059
312.50,37.9192
375.00,24.6695
437.50,14.2574
500.00,11.8562
airflow(m/s),3.01
clocktime,25127

0.00,4733.0352
62.50,2179.9823
125.00,92.2976
187.50,48.7231
250.00,43.8017
312.50,7.3827
375.00,42.0923
437.50,6.8518
500.00,7.5181
airflow(m/s),6.89
clocktime,27112

0.00,6167.4571
62.50,3094.6280
125.00,159.1512
187.50,173.2432
250.00,114.7258
312.50,85.5396
375.00,5.1340
437.50,24.1546
500.00,21.7512
airflow(m/s),4.23
clocktime,29099

0.00,761.3907
62.50,431.1485
125.00,34.9066
187.50,92.5482
250.00,47.4729
312.50,56.6271
375.00,38.0577
437.50,17.9941
500.00,16.8574
airflow(m/s),9.91
clocktime,31236

0.00,533.8043
62.50,300.1290
125.00,115.3466
187.50,64.8001
250.00,8.2942
312.50,27.1664
375.00,15.8656
437.50,30.2480
500.00,20.6250
airflow(m/s),9.91
clocktime,33345

0.00,13752.0561
62.50,7603.1882
125.00,596.9947
187.50,78.2535
250.00,122.1035
312.50,30.1103
375.00,82.6864
437.50,51.8317
500.00,62.2208
airflow(m/s),3.90
clocktime,35453

0.00,4091.0627
62.50,1836.0944
125.00,21.9640
187.50,42.6967
250.00,15.1845
312.50,20.6419
375.00,18.3382
437.50,20.1144
500.00,24.0479
airflow(m/s),6.19
clocktime,37613

0.00,1005.8439
62.50,567.0901
125.00,42.9298
187.50,46.7465
250.00,12.6533
312.50,21.5074
375.00,9.4685
437.50,30.7867
500.00,6.4461
airflow(m/s),9.60
clocktime,39717

0.00,8859.4864
62.50,3953.1247
125.00,317.5455
187.50,90.3733
250.00,45.2932
312.50,25.6998
375.00,49.2518
437.50,24.3704
500.00,29.2185
airflow(m/s),6.19
clocktime,41874

0.00,638.4268
62.50,332.9280
125.00,63.7770
187.50,35.6965
250.00,65.5898
312.50,49.8798
375.00,13.7646
437.50,20.9668
500.00,20.6911
airflow(m/s),8.58
clocktime,43979

0.00,782.5643
62.50,452.4687
125.00,119.5981
187.50,26.7503
250.00,31.0746
312.50,29.9639
375.00,15.8209
437.50,34.4478
500.00,11.2661
airflow(m/s),3.74
clocktime,46083

0.00,4276.7399
62.50,1893.9363
125.00,113.6820
187.50,50.0779
250.00,57.4083
312.50,30.5401
375.00,28.3467
437.50,14.1325
500.00,17.6696
airflow(m/s),2.45
clocktime,48240

0.00,179.8900
62.50,224.2720
125.00,141.5792
187.50,19.6833
250.00,5.6276
312.50,27.6719
375.00,41.9035
437.50,8.7885
500.00,18.9277
airflow(m/s),9.16
clocktime,50345

0.00,1207.3761
62.50,728.2818
125.00,70.1427
187.50,40.7102
250.00,26.1967
312.50,9.1015
375.00,20.7240
437.50,18.7776
500.00,12.7095
airflow(m/s),3.44
clocktime,52453

0.00,2.5267
62.50,78.4402
125.00,3.9116
187.50,50.0018
250.00,26.3994
312.50,27.2212
375.00,12.6348
437.50,16.0290
500.00,20.0254
airflow(m/s),9.30
clocktime,54613

0.00,1245.4702
62.50,575.7741
125.00,167.7660
187.50,105.0595
250.00,26.9917
312.50,29.3190
375.00,48.3040
437.50,27.2860
500.00,12.0420
airflow(m/s),4.58
clocktime,56722

0.00,520.2064
62.50,459.9765
125.00,153.4458
187.50,27.8324
250.00,89.9607
312.50,31.1660
375.00,16.7951
437.50,19.0435
500.00,20.4181
airflow(m/s),3.15
clocktime,58831

0.00,333.7771
62.50,241.7426
125.00,99.7570
187.50,56.9595
250.00,68.2232
312.50,74.1343
375.00,64.4177
437.50,28.7815
500.00,4.0939
airflow(m/s),3.82
clocktime,60992

0.00,676.9769
62.50,261.4598
125.00,59.1571
187.50,30.4860
250.00,49.0207
312.50,69.1464
375.00,12.1415
437.50,15.8216
500.00,49.8171
airflow(m/s),3.01
clocktime,63097

0.00,622.8859
62.50,482.7513
125.00,160.0221
187.50,69.4764
250.00,40.5739
312.50,33.7017
375.00,34.5490
437.50,14.4426
500.00,2.3437
airflow(m/s),9.76
clocktime,65201

0.00,2963.8097
62.50,1068.0702
125.00,147.4823
187.50,14.1846
250.00,23.3806
312.50,23.6918
375.00,19.0980
437.50,11.3434
500.00,30.1970
airflow(m/s),6.31
clocktime,67358

0.00,1222.8631
62.50,957.7922
125.00,418.2217
187.50,78.3450
250.00,11.3891
312.50,32.7382
375.00,36.0100
437.50,25.4260
500.00,3.0559
airflow(m/s),2.57
clocktime,69464

0.00,689.5594
62.50,485.3408
125.00,102.7421
187.50,29.4971
250.00,7.1516
312.50,7.1734
375.00,22.7341
437.50,17.9956
500.00,27.3826
airflow(m/s),2.95
clocktime,71620

0.00,167.4681
62.50,223.3328
125.00,135.1282
187.50,41.7637
250.00,29.1530
312.50,15.0257
375.00,44.4906
437.50,14.2855
500.00,11.8261
airflow(m/s),6.65
clocktime,73725

0.00,428.8691
62.50,459.0878
125.00,104.0259
187.50,6.0939
250.00,40.2506
312.50,10.9659
375.00,46.8448
437.50,17.4343
500.00,13.0367
airflow(m/s),2.75
clocktime,75831

0.00,1051.1784
62.50,552.9486
125.00,170.9856
187.50,50.1448
250.00,11.3339
312.50,8.5832
375.00,18.2283
437.50,3.5938
500.00,19.0898
airflow(m/s),6.77
clocktime,77993

0.00,185.9304
62.50,217.0886
125.00,129.0522
187.50,24.1570
250.00,24.8625
312.50,36.0386
375.00,30.4578
437.50,45.8739
500.00,16.1807
airflow(m/s),3.08
clocktime,80103

0.00,885.5673
62.50,515.1505
125.00,98.2923
187.50,44.6605
250.00,41.7793
312.50,39.8124
375.00,17.8037
437.50,13.6764
500.00,2.3973
airflow(m/s),11.04
clocktime,82212

0.00,367.0945
62.50,214.0359
0.00,56548.9873
62.50,24522.0131
125.00,397.4079
187.50,102.7713
250.00,80.9561
312.50,34.2729
375.00,83.2399
437.50,35.2014
500.00,13.7245
airflow(m/s),28.11
clocktime,2653

0.00,399.0896
62.50,848.3389
125.00,258.6173
187.50,83.2314
250.00,36.3659
312.50,38.7086
375.00,26.7781
437.50,24.6214
500.00,15.9169
airflow(m/s),6.89
clocktime,4761

0.00,2233.5497
62.50,1188.4255
125.00,45.5849
187.50,96.1835
250.00,17.0874
312.50,10.4871
375.00,20.4823
437.50,19.7506
500.00,17.7430
airflow(m/s),5.15
clocktime,6866

0.00,214.4566
62.50,710.4678
125.00,253.8505
187.50,183.4199
250.00,209.5799
312.50,177.8962
375.00,61.1628
437.50,24.8323
500.00,12.2637
airflow(m/s),4.23
clocktime,9024

0.00,1264.9255
62.50,594.7930
125.00,243.5258
187.50,260.6549
250.00,82.3524
312.50,16.7411
375.00,26.9477
437.50,12.7956
500.00,12.5931
airflow(m/s),2.82
clocktime,11130

0.00,482.7662
62.50,715.3487
125.00,387.0413
187.50,169.8618
250.00,102.1451
312.50,73.5803
375.00,17.6226
437.50,14.9860
500.00,10.3866
airflow(m/s),2.28
clocktime,13292

0.00,1373.2862
62.50,1536.6926
125.00,265.5457
187.50,84.5403
250.00,83.1011
312.50,53.1433
375.00,45.1549
437.50,9.0566
500.00,33.1993
airflow(m/s),5.35
clocktime,15398

0.00,1958.9278
62.50,990.7916
125.00,114.7304
187.50,29.2367
250.00,3.3067
312.50,20.0807
375.00,36.2830
437.50,6.0145
500.00,23.5107
airflow(m/s),2.63
clocktime,17507

0.00,2525.1603
62.50,1360.6646
125.00,338.3577
187.50,89.6049
250.00,21.7235
312.50,16.4395
375.00,24.3941
437.50,40.1608
500.00,29.3566
airflow(m/s),2.57
clocktime,19667

0.00,2141.0902
62.50,1082.1046
125.00,54.5780
187.50,87.4115
250.00,99.9652
312.50,58.1737
375.00,58.8714
437.50,44.5777
500.00,92.7403
airflow(m/s),2.45
clocktime,21777

0.00,1678.5120
62.50,710.7752
125.00,8.3517
187.50,45.5599
250.00,18.3111
312.50,25.6715
375.00,19.7411
437.50,13.8096
500.00,9.9842
airflow(m/s),3.51
clocktime,23887

0.00,576.9778
62.50,460.2295
125.00,16.0041
187.50,80.9657
250.00,12.1144
312.50,40.2856
375.00,17.6083
437.50,10.5359
500.00,12.6755
airflow(m/s),2.28
clocktime,26050

0.00,2112.3340
62.50,1053.3685
125.00,69.4965
187.50,104.6892
250.00,55.9294
312.50,94.2193
375.00,62.9415
437.50,50.6034
500.00,50.0101
airflow(m/s),2.07
clocktime,28161

0.00,1155.9666
62.50,1301.9136
125.00,373.1196
187.50,79.4428
250.00,34.4429
312.50,29.8345
375.00,25.6549
437.50,32.9481
500.00,24.8418
airflow(m/s),2.57
clocktime,30268

0.00,1978.4428
62.50,1106.5261
125.00,145.6534
187.50,166.7747
250.00,32.3546
312.50,38.2129
375.00,74.1291
437.50,61.2137
500.00,33.0935
airflow(m/s),2.63
clocktime,32426

0.00,1803.1572
62.50,882.9791
125.00,19.0341
187.50,21.4254
250.00,46.8747
312.50,36.3106
375.00,13.7786
437.50,29.1435
500.00,27.8482
airflow(m/s),3.29
clocktime,34533

0.00,990.8722
62.50,717.5579
125.00,74.9803
187.50,63.5566
250.00,27.5966
312.50,38.2607
375.00,15.2363
437.50,21.2769
500.00,6.8156
airflow(m/s),2.82
clocktime,36639

0.00,1295.8527
62.50,715.6031
125.00,250.7276
187.50,130.3826
250.00,49.2178
312.50,20.7850
375.00,55.2181
437.50,68.2802
500.00,29.3847
airflow(m/s),2.63
clocktime,38797

0.00,2552.2315
62.50,1199.2317
125.00,82.2399
187.50,87.7740
250.00,25.4578
312.50,0.7677
375.00,24.6859
437.50,24.1187
500.00,12.2050
airflow(m/s),2.07
clocktime,40904

0.00,3106.5681
62.50,1422.2085
125.00,88.6351
187.50,52.9224
250.00,49.6063
312.50,29.0241
375.00,49.4025
437.50,16.0019
500.00,11.6481
airflow(m/s),2.45
clocktime,43064

0.00,989.7074
62.50,779.3824
125.00,222.4583
187.50,35.0721
250.00,23.3498
312.50,48.2183
375.00,37.3025
437.50,16.4207
500.00,7.5829
airflow(m/s),2.51
clocktime,45173

0.00,2561.3255
62.50,1376.2611
125.00,331.1514
187.50,86.4059
250.00,98.2560
312.50,67.1592
375.00,131.6461
437.50,37.7299
500.00,54.9121
airflow(m/s),2.88
clocktime,47283

0.00,1812.3006
62.50,1141.1625
125.00,443.2058
187.50,147.0785
250.00,40.6763
312.50,37.9846
375.00,18.0226
437.50,34.4661
500.00,20.3834
airflow(m/s),2.63
clocktime,49445

