0.00,67140.8464
62.50,28844.8835
125.00,338.4240
187.50,160.3368
250.00,197.3763
312.50,128.4945
375.00,54.8245
437.50,29.4977
500.00,17.1001
562.50,28.6812
625.00,22.6056
687.50,19.1083
750.00,30.5002
812.50,37.1481
875.00,4.3369
937.50,20.0579
1000.00,15.1403
1062.50,5.0101
1125.00,19.1446
1187.50,11.5802
1250.00,10.8520
1312.50,2.8565
1375.00,10.4344
1437.50,15.9102
1500.00,9.1957
1562.50,24.4259
1625.00,13.6834
1687.50,19.7968
1750.00,7.3148
1812.50,15.1446
1875.00,5.0711
1937.50,14.7265
2000.00,0.6773
2062.50,5.1810
2125.00,13.7791
2187.50,7.8624
2250.00,24.2003
2312.50,29.6723
2375.00,22.9413
2437.50,8.3974
2500.00,11.6362
2562.50,11.6863
2625.00,15.9967
2687.50,1.3137
2750.00,14.6243
2812.50,3.5284
2875.00,1.5102
2937.50,10.0801
3000.00,19.3993
3062.50,14.9795
3125.00,17.2023
3187.50,9.6722
3250.00,14.8012
3312.50,11.9757
3375.00,24.8982
3437.50,15.6032
3500.00,10.5939
3562.50,5.7288
3625.00,9.7713
3687.50,8.2349
3750.00,7.4334
3812.50,2.3742
3875.00,15.3851
3937.50,7.6341
4000.00,8.2357
4062.50,8.6716
4125.00,11.0400
4187.50,4.5472
4250.00,6.4909
4312.50,1.5744
4375.00,11.5326
4437.50,11.0811
4500.00,24.7521
4562.50,8.5570
4625.00,16.8087
4687.50,4.8801
4750.00,14.1016
4812.50,10.3685
4875.00,11.2207
4937.50,14.4566
5000.00,15.7378
5062.50,10.3865
5125.00,10.0752
5187.50,10.1868
5250.00,3.9976
5312.50,9.2731
5375.00,3.8787
5437.50,13.4834
5500.00,15.7754
5562.50,20.4303
5625.00,17.9451
5687.50,9.6930
5750.00,9.0803
5812.50,7.7910
5875.00,9.1670
5937.50,10.9751
6000.00,13.3877
6062.50,15.0064
6125.00,12.4115
6187.50,12.9303
6250.00,6.6823
6312.50,9.3468
6375.00,10.8314
6437.50,6.7119
6500.00,13.6070
6562.50,13.0548
6625.00,9.4519
6687.50,3.2845
6750.00,8.3634
6812.50,6.6560
6875.00,0.8209
6937.50,8.2982
7000.00,2.2731
7062.50,6.0782
7125.00,8.3864
7187.50,4.0003
7250.00,5.5475
7312.50,6.4129
7375.00,5.5788
7437.50,7.8123
7500.00,8.6364
7562.50,9.1689
7625.00,8.9522
7687.50,11.7195
7750.00,6.2598
7812.50,10.3396
7875.00,8.5522
7937.50,6.7828
airflow(m/s),7.13
clocktime,34234

0.00,1556.2553
62.50,563.4087
125.00,111.3111
187.50,130.5010
250.00,15.0596
312.50,138.9120
375.00,159.5823
437.50,2.8453
500.00,81.2457
562.50,70.5206
625.00,37.4971
687.50,66.8830
750.00,46.1291
812.50,13.3541
875.00,36.8903
937.50,12.6992
1000.00,27.8367
1062.50,36.1695
1125.00,6.9887
1187.50,27.2747
1250.00,44.9635
1312.50,19.1521
1375.00,20.3877
1437.50,24.0149
1500.00,10.6044
1562.50,16.2751
1625.00,9.1035
1687.50,8.9036
1750.00,4.0981
1812.50,20.8499
1875.00,15.4331
1937.50,33.9957
2000.00,40.9619
2062.50,29.1816
2125.00,50.4265
2187.50,73.3506
2250.00,55.2445
2312.50,55.6971
2375.00,46.2189
2437.50,39.3722
2500.00,7.7213
2562.50,13.6136
2625.00,44.5191
2687.50,54.0781
2750.00,26.5265
2812.50,11.9756
2875.00,13.2071
2937.50,16.0472
3000.00,8.8081
3062.50,20.6970
3125.00,31.8717
3187.50,31.0394
3250.00,39.7709
3312.50,18.4947
3375.00,32.5719
3437.50,42.9521
3500.00,26.1537
3562.50,20.0274
3625.00,25.2178
3687.50,27.2894
3750.00,16.5804
3812.50,10.2947
3875.00,22.7445
3937.50,28.1483
4000.00,24.6819
4062.50,2.0144
4125.00,8.6327
4187.50,6.1605
4250.00,4.5759
4312.50,10.5972
4375.00,10.6000
4437.50,18.1969
4500.00,17.0232
4562.50,14.7078
4625.00,1.1581
4687.50,3.7417
4750.00,14.3954
4812.50,9.8369
4875.00,6.2803
4937.50,11.9066
5000.00,8.7037
5062.50,11.9154
5125.00,16.0838
5187.50,11.6153
5250.00,6.7034
5312.50,12.5068
5375.00,32.8046
5437.50,22.9439
5500.00,10.2066
5562.50,11.0261
5625.00,18.0252
5687.50,24.0757
5750.00,12.5353
5812.50,12.3910
5875.00,16.5146
5937.50,12.8969
6000.00,17.0000
6062.50,16.2595
6125.00,14.2427
6187.50,10.9066
6250.00,12.1692
6312.50,9.8803
6375.00,13.1900
6437.50,14.4399
6500.00,9.0129
6562.50,2.6533
6625.00,4.3134
6687.50,5.5047
6750.00,6.1960
6812.50,5.2134
6875.00,5.7477
6937.50,22.9131
7000.00,19.6818
7062.50,5.3275
7125.00,1.3731
7187.50,6.2443
7250.00,8.4210
7312.50,9.5223
7375.00,0.5567
7437.50,3.5259
7500.00,3.4026
7562.50,10.6297
7625.00,9.6755
7687.50,10.7121
7750.00,8.5298
7812.50,4.3953
7875.00,6.2284
7937.50,4.9215
airflow(m/s),5.05
clocktime,58961

0.00,2096.8387
62.50,1147.6582
125.00,227.2972
187.50,186.7506
250.00,23.0484
312.50,131.5464
375.00,109.7029
437.50,41.5799
500.00,17.0096
562.50,22.9526
625.00,6.1548
687.50,6.3583
750.00,21.0882
812.50,27.5483
875.00,7.5067
937.50,12.5485
1000.00,6.6705
1062.50,15.1086
1125.00,11.3119
1187.50,25.6593
1250.00,27.2572
1312.50,21.1958
1375.00,4.5410
1437.50,10.8651
1500.00,10.8713
1562.50,12.8959
1625.00,10.5629
1687.50,2.4959
1750.00,10.3053
1812.50,14.1054
1875.00,9.9372
1937.50,11.1810
2000.00,18.4837
2062.50,8.1061
2125.00,6.8050
2187.50,6.3241
2250.00,6.2370
2312.50,3.5889
2375.00,2.0379
2437.50,3.3260
2500.00,3.7490
2562.50,5.4480
2625.00,4.2968
2687.50,2.8509
2750.00,3.1453
2812.50,9.2963
2875.00,7.1745
2937.50,6.0167
3000.00,2.5528
3062.50,2.1847
3125.00,1.7451
3187.50,14.2286
3250.00,8.7736
0.00,68846.9488
62.50,29527.0335
125.00,414.6848
187.50,181.0508
250.00,194.0108
312.50,22.7760
375.00,41.1720
437.50,21.9811
500.00,47.1854
562.50,25.1209
625.00,25.7033
687.50,26.8392
750.00,28.2133
812.50,18.7352
875.00,33.4305
937.50,27.9734
1000.00,10.9174
1062.50,23.8696
1125.00,17.7358
1187.50,28.6386
1250.00,14.0392
1312.50,5.9648
1375.00,19.0930
1437.50,14.5256
1500.00,14.7776
1562.50,5.3743
1625.00,9.1727
1687.50,4.1465
1750.00,7.1681
1812.50,21.6283
1875.00,7.0305
1937.50,9.6573
2000.00,6.9080
2062.50,22.1027
2125.00,7.6535
2187.50,7.7341
2250.00,2.6411
2312.50,7.8688
2375.00,1.3730
2437.50,0.7518
2500.00,9.5390
2562.50,3.5839
2625.00,5.3533
2687.50,4.2564
2750.00,8.1446
2812.50,5.7507
2875.00,4.0178
2937.50,6.6120
3000.00,4.0692
3062.50,8.7668
3125.00,3.4668
3187.50,5.1101
3250.00,11.4406
3312.50,8.6736
3375.00,9.3567
3437.50,2.6852
3500.00,2.2353
3562.50,7.6089
3625.00,1.1104
3687.50,7.1470
3750.00,7.2004
3812.50,8.2363
3875.00,8.6021
3937.50,2.8921
4000.00,7.2684
4062.50,4.0858
4125.00,3.2759
4187.50,9.1089
4250.00,6.6641
4312.50,8.6833
4375.00,9.5521
4437.50,10.8446
4500.00,12.0131
4562.50,6.7067
4625.00,4.2573
4687.50,9.1520
4750.00,3.7169
4812.50,2.2050
4875.00,0.9243
4937.50,1.1777
5000.00,5.9064
5062.50,7.4757
5125.00,5.8620
5187.50,4.4190
5250.00,8.6422
5312.50,3.1227
5375.00,4.4344
5437.50,4.0539
5500.00,5.3649
5562.50,3.6872
5625.00,6.1484
5687.50,7.4797
5750.00,6.5638
5812.50,2.4424
5875.00,7.5095
0.00,58654.8546
62.50,24933.9132
125.00,256.9671
187.50,147.5243
250.00,63.2444
312.50,77.1930
375.00,19.3312
437.50,29.7660
500.00,35.0459
562.50,32.8418
625.00,22.6087
687.50,23.1891
750.00,33.5108
812.50,11.7551
875.00,23.8474
937.50,19.3619
1000.00,8.5049
1062.50,17.6310
1125.00,5.9393
1187.50,23.4655
1250.00,9.0426
1312.50,14.4761
1375.00,11.6597
1437.50,7.2029
1500.00,6.2184
1562.50,15.1965
1625.00,4.4908
1687.50,8.2417
1750.00,10.4600
1812.50,5.5286
1875.00,6.4270
1937.50,6.0177
2000.00,12.4309
2062.50,5.3524
2125.00,10.1756
2187.50,2.6807
2250.00,8.5332
2312.50,6.0734
2375.00,8.6951
2437.50,12.1282
2500.00,4.5865
2562.50,5.6582
2625.00,12.9703
2687.50,11.0489
2750.00,9.4688
2812.50,6.6922
2875.00,2.2640
2937.50,5.4774
3000.00,6.9163
3062.50,3.2934
3125.00,5.8464
3187.50,4.4727
3250.00,8.4383
3312.50,12.8444
3375.00,14.1611
3437.50,6.0019
3500.00,3.1928
3562.50,6.8834
3625.00,4.9731
3687.50,5.1381
3750.00,2.9519
3812.50,10.7032
3875.00,5.8121
3937.50,7.7543
4000.00,4.9426
4062.50,5.4541
4125.00,6.9370
4187.50,5.3901
4250.00,6.5258
4312.50,11.6701
4375.00,0.9393
4437.50,7.2105
4500.00,4.5873
4562.50,1.9972
4625.00,11.4623
4687.50,2.1662
4750.00,5.7208
4812.50,7.7185
4875.00,0.9442
4937.50,8.0240
5000.00,2.0750
5062.50,12.1738
5125.00,1.0746
5187.50,2.1499
5250.00,8.5058
5312.50,4.0117
5375.00,13.0053
5437.50,5.4260
5500.00,7.3360
5562.50,4.2288
5625.00,3.3621
5687.50,4.0005
5750.00,10.2806
5812.50,5.9720
5875.00,4.1875
5937.50,6.1879
6000.00,5.1944
6062.50,2.1815
6125.00,6.8122
6187.50,3.3923
6250.00,10.0247
6312.50,5.5230
6375.00,7.0053
6437.50,0.8556
6500.00,1.0889
6562.50,7.7398
6625.00,4.1646
6687.50,1.4831
6750.00,8.7768
6812.50,9.6996
6875.00,9.6500
6937.50,5.6810
7000.00,1.9696
7062.50,5.7677
7125.00,3.5653
7187.50,8.6702
7250.00,1.9027
7312.50,3.1059
7375.00,4.0500
7437.50,3.6821
7500.00,5.3569
7562.50,7.8030
7625.00,5.6927
7687.50,7.4373
7750.00,3.4831
7812.50,4.9293
7875.00,8.9472
7937.50,2.5554
airflow(m/s),5.35
clocktime,24971

0.00,2140.0685
62.50,1318.9145
125.00,411.0680
187.50,136.7268
250.00,96.7563
312.50,99.3738
375.00,63.3587
437.50,15.5787
500.00,23.4290
562.50,18.2727
625.00,7.5358
687.50,20.7456
750.00,28.5000
812.50,15.0780
875.00,7.7451
937.50,29.3987
1000.00,25.5618
1062.50,24.5297
1125.00,14.0009
1187.50,7.5422
1250.00,9.0008
1312.50,1.7567
1375.00,3.6090
1437.50,6.6456
1500.00,2.0102
1562.50,5.0262
1625.00,1.0630
1687.50,9.8648
1750.00,13.8736
1812.50,14.7808
1875.00,5.3997
1937.50,3.9963
2000.00,8.0413
2062.50,6.2686
2125.00,6.3424
2187.50,2.4374
2250.00,3.6305
2312.50,4.7108
2375.00,3.5195
2437.50,1.7924
2500.00,1.1150
2562.50,4.6554
2625.00,2.8732
2687.50,2.4991
2750.00,5.7398
2812.50,6.9008
2875.00,1.0603
2937.50,7.4361
3000.00,4.4450
3062.50,6.5687
3125.00,8.9645
3187.50,4.6517
3250.00,2.7331
3312.50,5.9391
3375.00,3.2247
3437.50,5.4069
3500.00,3.4555
3562.50,2.0888
3625.00,2.2276
3687.50,1.7425
3750.00,4.6464
3812.50,9.6450
3875.00,7.1919
3937.50,3.4512
4000.00,5.1269
4062.50,10.5691
4125.00,2.3135
4187.50,5.2342
4250.00,8.1569
4312.50,5.6592
4375.00,10.6899
4437.50,7.2875
4500.00,1.4144
4562.50,4.4653
4625.00,5.9714
4687.50,2.6549
4750.00,4.6041
4812.50,1.5451
4875.00,1.3012
4937.50,4.1844
5000.00,5.8139
5062.50,3.5579
5125.00,7.5508
5187.50,4.2897
5250.00,0.9470
5312.50,4.5908
5375.00,4.3711
5437.50,8.9918
5500.00,10.2788
5562.50,4.0878
5625.00,1.4086
5687.50,6.0101
5750.00,8.0448
5812.50,6.0824
5875.00,6.0929
5937.50,4.9155
6000.00,0.7113
6062.50,2.9565
6125.00,4.1974
6187.50,9.0985
6250.00,5.2949
6312.50,0.6836
6375.00,1.8971
6437.50,4.5158
6500.00,3.5484
6562.50,6.4468
6625.00,4.7392
6687.50,7.7534
6750.00,7.1910
6812.50,2.2559
6875.00,4.4878
6937.50,6.5544
7000.00,1.5394
7062.50,3.5107
7125.00,1.7496
7187.50,0.9284
7250.00,1.6596
7312.50,4.4913
7375.00,3.9061
7437.50,7.5063
7500.00,6.8294
7562.50,6.4288
7625.00,6.4031
7687.50,1.3782
7750.00,4.0926
7812.50,5.4029
7875.00,2.5213
7937.50,2.2251
airflow(m/s),5.45
clocktime,50811

0.00,1777.8904
62.50,1061.8465
125.00,303.0239
187.50,73.1410
250.00,48.3603
312.50,75.7957
375.00,71.5737
437.50,55.7379
500.00,43.9999
562.50,17.9002
625.00,41.9244
687.50,34.9841
750.00,38.3647
812.50,28.2895
875.00,32.5979
937.50,13.6866
1000.00,9.7564
1062.50,8.3882
1125.00,14.1273
1187.50,27.4679
1250.00,16.1952
1312.50,12.0425
1375.00,21.6513
1437.50,17.4974
1500.00,8.7769
1562.50,4.6180
1625.00,5.7910
1687.50,9.8096
1750.00,10.7084
1812.50,11.6665
1875.00,11.2022
1937.50,16.2707
2000.00,10.0560
2062.50,9.4209
2125.00,4.3440
2187.50,5.5737
2250.00,7.4810
2312.50,6.2833
2375.00,5.8905
2437.50,6.5171
2500.00,7.8234
2562.50,8.2077
2625.00,7.6064
2687.50,4.9251
2750.00,7.8810
2812.50,1.6795
2875.00,9.1906
2937.50,9.9644
3000.00,8.8378
3062.50,4.7654
3125.00,1.6178
3187.50,7.2782
3250.00,7.2759
3312.50,6.6423
3375.00,7.9637
3437.50,2.0006
3500.00,3.5609
3562.50,3.5947
3625.00,3.4604
3687.50,2.7946
3750.00,2.2826
3812.50,2.7124
3875.00,7.1532
3937.50,4.7616
4000.00,3.4637
4062.50,4.4617
4125.00,9.2571
4187.50,6.5369
4250.00,2.5134
4312.50,2.3705
4375.00,7.4430
4437.50,4.7941
4500.00,4.6957
4562.50,3.8095
4625.00,5.3241
4687.50,3.4768
4750.00,4.7420
4812.50,5.1455
4875.00,4.4268
4937.50,5.7590
5000.00,4.6799
5062.50,3.3810
5125.00,1.0003
5187.50,6.5480
5250.00,3.0716
5312.50,2.7537
5375.00,1.9105
5437.50,4.1926
5500.00,3.2710
5562.50,5.7075
5625.00,4.3726
5687.50,2.3290
5750.00,4.3656
5812.50,0.3794
5875.00,6.8575
5937.50,2.6238
6000.00,6.6533
6062.50,6.2754
6125.00,2.1462
6187.50,2.7980
6250.00,1.7649
6312.50,2.6942
6375.00,3.0615
6437.50,5.9572
6500.00,5.1351
6562.50,0.8454
6625.00,3.9709
6687.50,2.0084
6750.00,3.7902
6812.50,6.2104
6875.00,6.1527
6937.50,5.6019
7000.00,8.8098
7062.50,6.3523
7125.00,1.6347
7187.50,4.0169
7250.00,1.1970
7312.50,5.9893
7375.00,5.3084
7437.50,3.9233
7500.00,2.7665
7562.50,6.6076
7625.00,6.2455
7687.50,8.2372
7750.00,7.1325
7812.50,1.0697
7875.00,7.5849
7937.50,8.7280
airflow(m/s),5.87
clocktime,76981

0.00,3056.6936
62.50,1781.4932
125.00,239.8983
187.50,135.7715
250.00,45.8017
312.50,56.8352
375.00,25.9581
437.50,67.7458
500.00,31.6693
562.50,3.1518
625.00,28.6950
687.50,23.1037
750.00,44.5027
812.50,41.8643
875.00,6.4520
937.50,12.3872
1000.00,5.3674
1062.50,17.6234
1125.00,16.2275
1187.50,10.2275
1250.00,22.7768
1312.50,13.7604
1375.00,10.4506
1437.50,11.3133
1500.00,7.5789
1562.50,7.0050
1625.00,3.5011
1687.50,2.3743
1750.00,6.0004
1812.50,4.3208
1875.00,11.5072
1937.50,5.1519
2000.00,6.9144
2062.50,10.0907
2125.00,6.1308
2187.50,9.0003
2250.00,8.4873
2312.50,0.2482
2375.00,6.8698
2437.50,6.0724
2500.00,5.8205
2562.50,4.2662
2625.00,3.9369
2687.50,7.1180
2750.00,3.5257
2812.50,2.3040
2875.00,0.4269
2937.50,5.2693
3000.00,3.0984
3062.50,1.4247
3125.00,0.8209
3187.50,4.3821
3250.00,4.8687
3312.50,5.7813
3375.00,2.7786
3437.50,2.1340
3500.00,5.3721
3562.50,3.7992
3625.00,4.7156
3687.50,6.5152
3750.00,5.9435
3812.50,3.7327
3875.00,3.9519
3937.50,4.2316
4000.00,6.5621
4062.50,6.3191
4125.00,2.6018
4187.50,2.8780
4250.00,5.6962
4312.50,7.6278
4375.00,3.9438
4437.50,2.0780
4500.00,6.1567
4562.50,7.3139
4625.00,7.7707
4687.50,6.5973
4750.00,5.5829
4812.50,5.7669
4875.00,5.6763
4937.50,5.8899
5000.00,7.7757
5062.50,8.7080
5125.00,6.0165
5187.50,3.8005
5250.00,1.8631
5312.50,1.1867
5375.00,2.8403
5437.50,4.0794
5500.00,4.9442
5562.50,7.5397
5625.00,8.0445
5687.50,11.1472
5750.00,5.2661
5812.50,7.9140
5875.00,9.2850
5937.50,6.4353
6000.00,1.8720
6062.50,3.8421
6125.00,2.0989
6187.50,1.7793
6250.00,6.5642
6312.50,8.7767
6375.00,5.7358
6437.50,4.9980
6500.00,4.3584
6562.50,6.7363
6625.00,4.1251
6687.50,4.9849
6750.00,6.1455
6812.50,4.0865
6875.00,7.4368
6937.50,6.9746
7000.00,5.0341
7062.50,5.3864
7125.00,3.3438
7187.50,2.5500
7250.00,5.1842
7312.50,3.8550
7375.00,3.2610
7437.50,4.8448
7500.00,4.5858
7562.50,3.1392
7625.00,7.9700
7687.50,8.1955
7750.00,5.5158
7812.50,2.4819
7875.00,5.7510
7937.50,9.3730
airflow(m/s),4.95
clocktime,104056