0.00,74693.9946
62.50,32372.7107
125.00,498.7301
187.50,520.4513
250.00,519.1898
312.50,231.2519
375.00,97.6493
437.50,181.5833
500.00,93.8874
airflow(m/s),5.97
clocktime,2778

0.00,2997.0583
62.50,1113.8949
125.00,278.9785
187.50,164.8719
250.00,211.9756
312.50,106.8887
375.00,81.7465
437.50,156.8290
500.00,130.6922
airflow(m/s),6.89
clocktime,4393

0.00,414.4776
62.50,224.7708
125.00,245.9857
187.50,111.2459
250.00,144.9078
312.50,196.1427
375.00,93.4644
437.50,88.8909
500.00,153.2781
airflow(m/s),6.77
clocktime,6068

0.00,409.7277
62.50,552.6519
125.00,413.7870
187.50,297.3869
250.00,138.3951
312.50,25.8714
375.00,141.2673
437.50,98.8220
500.00,83.2619
airflow(m/s),6.31
clocktime,7807

0.00,1455.3026
62.50,1276.3054
125.00,522.8824
187.50,251.9772
250.00,215.4605
312.50,202.7755
375.00,114.2145
437.50,85.1808
500.00,10.8838
airflow(m/s),5.45
clocktime,9541

0.00,2609.1422
62.50,2094.1447
125.00,604.4146
187.50,180.8049
250.00,157.6663
312.50,151.5771
375.00,184.2424
437.50,190.7423
500.00,118.7483
airflow(m/s),5.55
clocktime,11332

0.00,4893.6310
62.50,2187.5588
125.00,824.8761
187.50,303.0227
250.00,157.9736
312.50,301.4689
375.00,158.1277
437.50,137.3110
500.00,155.6336
airflow(m/s),3.44
clocktime,13066

0.00,273.5312
62.50,905.0123
125.00,633.2656
187.50,235.0351
250.00,61.2893
312.50,113.7833
375.00,148.9552
437.50,37.9460
500.00,121.8537
airflow(m/s),3.66
clocktime,14803

0.00,41002.8846
62.50,17351.7892
125.00,403.9812
187.50,301.5778
250.00,128.0097
312.50,79.1475
375.00,108.7264
437.50,138.5004
500.00,99.7598
airflow(m/s),21.88
clocktime,2226

0.00,4488.6838
62.50,2302.8899
125.00,666.7101
187.50,324.0109
250.00,162.4083
312.50,125.1816
375.00,145.0488
437.50,108.2793
500.00,140.8231
airflow(m/s),15.39
clocktime,3933

0.00,752.3205
62.50,750.6463
125.00,676.8044
187.50,333.2309
250.00,275.7223
312.50,106.3462
375.00,33.5487
437.50,121.1183
500.00,64.1341
airflow(m/s),6.08
clocktime,5696

0.00,871.4228
62.50,702.2302
125.00,1725.9779
187.50,1432.3442
250.00,376.7810
312.50,257.5343
375.00,366.5504
437.50,370.7141
500.00,174.7686
airflow(m/s),4.95
clocktime,7403

0.00,2244.2265
62.50,645.3111
125.00,340.2079
187.50,243.0322
250.00,308.8784
312.50,150.0032
375.00,92.2993
437.50,151.8548
500.00,169.5736
airflow(m/s),6.54
clocktime,9115

0.00,2677.1700
62.50,1045.7958
125.00,234.6933
187.50,259.6013
250.00,358.9153
312.50,200.5699
375.00,110.5815
437.50,114.0128
500.00,183.8749
airflow(m/s),5.65
clocktime,10873

0.00,2236.8564
62.50,826.6261
125.00,707.2572
187.50,640.8940
250.00,615.5119
312.50,486.1905
375.00,212.8891
437.50,338.0113
500.00,265.2518
airflow(m/s),7.51
clocktime,12584

0.00,901.2330
62.50,946.7315
125.00,279.5722
187.50,368.8601
250.00,169.8053
312.50,153.6953
375.00,186.4110
437.50,86.9755
500.00,113.6460
airflow(m/s),8.44
clocktime,14342

0.00,5178.6173
62.50,2865.1982
125.00,494.8773
187.50,136.3815
250.00,357.3863
312.50,211.8014
375.00,122.2706
437.50,226.9024
500.00,95.2420
airflow(m/s),6.89
clocktime,16054

0.00,265.6002
62.50,408.2130
125.00,407.9698
187.50,528.5777
250.00,419.6287
312.50,90.9490
375.00,154.8582
437.50,66.1103
500.00,23.8564
airflow(m/s),8.30
clocktime,17762

0.00,4756.9762
62.50,2742.7170
125.00,687.6401
187.50,342.3267
250.00,248.5333
312.50,256.1544
375.00,110.3774
437.50,124.7065
500.00,123.3618
airflow(m/s),6.08
clocktime,19524

0.00,315.5272
62.50,876.9402
125.00,567.2274
187.50,350.2674
250.00,306.4271
312.50,429.6332
375.00,207.6554
437.50,150.4823
500.00,165.8012
airflow(m/s),6.54
clocktime,21231

0.00,1858.7275
62.50,450.0528
125.00,611.6523
187.50,313.2071
250.00,44.0597
312.50,121.0999
375.00,170.9343
437.50,176.7105
500.00,158.9588
airflow(m/s),7.38
clocktime,22943

0.00,8151.7101
62.50,3393.3233
125.00,203.6558
187.50,161.5413
250.00,243.4591
312.50,365.9367
375.00,188.6270
437.50,339.5184
500.00,420.1048
airflow(m/s),7.51
clocktime,24702

0.00,598.7563
62.50,534.0829
125.00,242.5502
187.50,173.0140
250.00,141.7249
312.50,189.3877
375.00,118.6791
437.50,37.8270
500.00,61.5958
airflow(m/s),6.65
clocktime,26413

0.00,323.8644
62.50,1437.3021
125.00,723.6224
187.50,258.5607
250.00,15.2199
312.50,31.0193
375.00,127.0432
437.50,579.1899
500.00,352.0443
airflow(m/s),6.77
clocktime,28122

0.00,1902.3424
62.50,1784.6269
125.00,838.1326
187.50,135.0050
250.00,117.0322
312.50,147.3940
375.00,75.4540
437.50,216.9597
500.00,217.4203
airflow(m/s),5.65
clocktime,29883

0.00,1298.1670
62.50,741.2823
125.00,545.2259
187.50,250.0441
250.00,105.3293
312.50,257.8242
375.00,143.9441
437.50,96.9766
500.00,71.6618
airflow(m/s),7.38
clocktime,31593

0.00,2240.1404
62.50,1034.5826
125.00,347.5866
187.50,83.7044
250.00,266.3250
312.50,253.6524
375.00,168.4301
437.50,167.1704
500.00,203.1684
airflow(m/s),5.76
clocktime,33354

0.00,1715.4394
62.50,775.4145
125.00,330.5675
187.50,172.7141
250.00,332.1881
312.50,193.7157
375.00,115.4392
437.50,132.7687
500.00,353.9098
airflow(m/s),6.89
clocktime,35062

0.00,1193.5928
62.50,1477.3533
125.00,929.2828
187.50,304.4277
250.00,196.3446
312.50,99.2441
375.00,182.9231
437.50,235.4407
500.00,298.7682
airflow(m/s),7.01
clocktime,36773

0.00,42.5941
62.50,598.9379
125.00,777.7561
187.50,594.6196
250.00,146.3973
312.50,126.4493
375.00,120.3953
437.50,94.1018
500.00,260.0889
airflow(m/s),5.35
clocktime,38532

0.00,138.3650
62.50,494.8514
125.00,128.4677
187.50,196.4632
250.00,252.3084
312.50,127.9894
375.00,78.5993
437.50,80.5466
500.00,68.5611
airflow(m/s),6.77
clocktime,40243

0.00,3438.1152
62.50,1374.6319
125.00,551.9489
187.50,246.1273
250.00,130.1569
312.50,144.6344
375.00,155.6793
437.50,226.3619
500.00,155.2300
airflow(m/s),5.76
clocktime,41953

0.00,4417.3494
62.50,1663.4899
125.00,162.9091
187.50,521.6484
250.00,316.7323
312.50,105.9137
375.00,161.5889
437.50,206.3655
500.00,118.4280
airflow(m/s),6.31
clocktime,43677

0.00,3650.7627
62.50,1931.5482
125.00,290.0158
187.50,195.6918
250.00,374.9510
312.50,218.4212
375.00,74.3792
437.50,119.8549
500.00,94.6429
airflow(m/s),6.31
clocktime,45386

0.00,5825.6811
62.50,2683.7381
125.00,140.6487
187.50,175.7075
250.00,119.5223
312.50,87.6611
375.00,83.8483
437.50,72.6765
500.00,121.9935
airflow(m/s),5.87
clocktime,47147

0.00,3719.8581
62.50,1664.6687
125.00,272.1562
187.50,92.6574
250.00,26.3257
312.50,232.8638
375.00,164.8511
437.50,101.3385
500.00,309.8567
airflow(m/s),5.97
clocktime,48859

0.00,1257.1093
62.50,1330.4690
125.00,748.3283
187.50,323.3750
250.00,247.4733
312.50,227.7840
375.00,200.7357
437.50,131.1980
500.00,199.0585
airflow(m/s),6.42
clocktime,50566

0.00,860.7184
62.50,180.5127
125.00,370.5700
187.50,227.5817
250.00,223.2445
312.50,230.4109
375.00,106.6116
437.50,102.5995
500.00,24.8964
airflow(m/s),6.54
clocktime,52328

0.00,3834.2676
62.50,2173.8163
125.00,744.4150
187.50,241.3758
250.00,210.5097
312.50,53.9745
375.00,140.3180
437.50,213.4511
500.00,87.6470
airflow(m/s),6.19
clocktime,54036

0.00,3695.4633
62.50,1887.5685
125.00,494.3474
187.50,166.9324
250.00,170.0691
312.50,173.2492
375.00,74.3159
437.50,147.6822
500.00,95.1155
airflow(m/s),5.97
clocktime,55749

0.00,747.8912
62.50,1151.4983
125.00,548.0957
187.50,255.5518
250.00,260.8526
312.50,174.7541
375.00,259.2225
437.50,231.1738
500.00,156.2959
airflow(m/s),6.19
clocktime,57507

0.00,2454.2590
62.50,1178.1399
125.00,257.3668
187.50,370.3165
250.00,283.0279
312.50,237.3110
375.00,140.3354
437.50,138.4139
500.00,67.8237
airflow(m/s),5.35
clocktime,59219

0.00,4359.3023
62.50,1823.9996
125.00,648.6719
187.50,646.7371
250.00,476.7072
312.50,279.7610
375.00,74.6907
437.50,91.6716
500.00,115.6432
airflow(m/s),6.31
clocktime,60926

0.00,192.4152
62.50,1134.4689
125.00,671.5160
187.50,638.3458
250.00,456.7792
312.50,174.5682
375.00,30.4107
437.50,130.6607
500.00,296.3673
airflow(m/s),8.86
clocktime,62689

0.00,1370.4014
62.50,1704.1218
125.00,777.4729
187.50,141.1914
250.00,59.0317
312.50,58.4429
375.00,168.6405
437.50,190.8205
500.00,269.8887
airflow(m/s),7.38
clocktime,64397

0.00,527.1954
62.50,516.6717
125.00,363.1118
187.50,143.6515
250.00,287.5197
312.50,275.4103
375.00,121.9132
437.50,128.6208
500.00,161.0399
airflow(m/s),6.77
clocktime,66159

0.00,2813.3759
62.50,1296.0418
125.00,154.1018
187.50,471.8667
250.00,343.5456
312.50,127.8894
375.00,240.7801
437.50,109.0769
500.00,205.3710
airflow(m/s),7.26
clocktime,67867

0.00,314.0339
62.50,929.9554
125.00,902.5621
187.50,379.3376
250.00,128.5897
312.50,169.5792
375.00,204.2132
437.50,195.6976
500.00,132.8232
airflow(m/s),5.55
clocktime,69578

0.00,2290.7950
62.50,813.6417
125.00,299.4843
187.50,66.5473
250.00,117.8096
312.50,168.5905
375.00,77.7233
437.50,65.3696
500.00,79.2822
airflow(m/s),7.26
clocktime,71337

0.00,3346.6227
62.50,879.8243
125.00,648.5035
187.50,231.3250
250.00,38.0493
312.50,137.7868
375.00,291.0903
437.50,201.2679
500.00,115.2206
airflow(m/s),5.05
clocktime,73048

0.00,2354.2373
62.50,1313.3059
125.00,216.0313
187.50,345.8948
250.00,261.3308
312.50,112.0747
375.00,194.5852
437.50,204.9251
500.00,76.0142
airflow(m/s),3.44
clocktime,74756

0.00,458.7282
62.50,577.6784
125.00,271.7008
187.50,485.5435
250.00,396.2498
312.50,107.6991
375.00,83.7755
437.50,116.9150
500.00,52.4734
airflow(m/s),3.82
clocktime,76517

0.00,95.0118
62.50,421.6196
125.00,497.7117
187.50,298.6437
250.00,307.0100
312.50,151.7636
375.00,138.7913
437.50,250.8961
500.00,391.3764
airflow(m/s),6.31
clocktime,78225

0.00,2164.9199
62.50,1079.1612
125.00,229.8471
187.50,399.4339
250.00,487.4294
312.50,239.3012
375.00,261.8267
437.50,213.3409
500.00,19.4090
airflow(m/s),5.76
clocktime,79987

0.00,2748.8385
62.50,2312.7330
125.00,558.3852
187.50,250.7781
250.00,365.3819
312.50,342.4648
375.00,202.1300
437.50,235.1935
500.00,64.8074
airflow(m/s),6.65
clocktime,81696

0.00,432.8110
62.50,1273.7429
125.00,952.1799
187.50,290.6724
250.00,27.0321
312.50,102.5616
375.00,151.0914
437.50,39.2859
500.00,71.7398
airflow(m/s),6.19
clocktime,83406

0.00,3995.0840
62.50,1798.5292
125.00,416.1949
187.50,431.6373
250.00,106.2388
312.50,125.1728
375.00,90.9836
437.50,74.6163
500.00,62.9718
airflow(m/s),5.25
clocktime,85166

0.00,385.1304
62.50,480.9730
125.00,107.5123
187.50,196.2224
250.00,148.8873
312.50,114.8454
375.00,55.5671
437.50,260.1283
500.00,255.1677
airflow(m/s),6.31
clocktime,86878

0.00,2187.5745
62.50,777.5748
125.00,547.7302
187.50,412.1136
250.00,285.0285
312.50,211.3715
375.00,40.9206
437.50,132.5787
500.00,115.3265
airflow(m/s),4.15
clocktime,88587

0.00,3178.5175
62.50,2375.2581
125.00,920.1898
187.50,462.8322
250.00,425.6136
312.50,135.1525
375.00,95.5946
437.50,222.2397
500.00,239.9958
airflow(m/s),4.58
clocktime,90348

0.00,1049.8064
62.50,925.7277
125.00,175.7734
187.50,251.8818
250.00,153.7961
312.50,165.6882
375.00,57.1686
437.50,123.5678
500.00,214.5826
airflow(m/s),3.01
clocktime,92058

0.00,2828.9870
62.50,1179.1648
125.00,242.0148
187.50,193.1018
250.00,247.9161
312.50,243.2469
375.00,64.7119
437.50,75.7633
500.00,49.7381
airflow(m/s),3.90
clocktime,93768

0.00,301.4521
62.50,1500.5562
125.00,984.3473
187.50,376.4808
250.00,332.1681
312.50,72.6640
375.00,119.7214
437.50,264.4250
500.00,176.3881
airflow(m/s),3.01
clocktime,95531

0.00,483.5147
62.50,153.9618
125.00,204.7048
187.50,504.6661
250.00,172.4638
312.50,68.2371
375.00,68.8398
437.50,141.0499
500.00,265.2804
airflow(m/s),4.95
clocktime,97238

0.00,2430.2408
62.50,1032.6097
125.00,329.5149
187.50,673.1664
250.00,362.7646
312.50,305.5152
375.00,170.8803
437.50,201.2670
500.00,60.4862
airflow(m/s),4.41
clocktime,99001

0.00,697.0647
62.50,852.2294
125.00,506.2954
187.50,382.0541
250.00,72.5494
312.50,207.4759
375.00,199.4598
437.50,197.5926
500.00,207.3144
airflow(m/s),5.25
clocktime,100708

0.00,2816.7677
62.50,924.7850
125.00,269.4673
187.50,372.0250
250.00,332.1160
312.50,202.1015
375.00,176.5303
437.50,26.4764
500.00,135.1460
airflow(m/s),3.59
clocktime,102420

0.00,323.0216
62.50,150.6844
125.00,231.9698
187.50,571.1478
250.00,255.0924
312.50,48.9289
375.00,115.3003
437.50,170.6593
500.00,47.6127
airflow(m/s),4.86
clocktime,104178

0.00,1873.9875
62.50,1453.2455
125.00,699.8858
187.50,356.5121
250.00,68.4504
312.50,105.3390
375.00,117.7415
437.50,58.5210
500.00,168.8832
airflow(m/s),4.67
clocktime,105890

0.00,538.1277
62.50,286.7187
125.00,768.9117
187.50,142.5182
250.00,213.5720
312.50,273.0896
375.00,600.2319
437.50,567.0548
500.00,222.4449
airflow(m/s),7.38
clocktime,107598

0.00,2295.5743
62.50,879.8521
125.00,547.2474
187.50,431.7470
250.00,241.0679
312.50,37.3968
375.00,157.4922
437.50,306.4216
500.00,162.3280
airflow(m/s),7.01
clocktime,109360

0.00,1087.1789
62.50,989.0702
125.00,528.2358
187.50,366.7203
250.00,151.8815
312.50,100.8036
375.00,52.7899
437.50,47.0161
500.00,170.8232
airflow(m/s),7.01
clocktime,111068

0.00,4159.6309
62.50,2067.9981
125.00,283.9260
187.50,345.0835
250.00,305.9051
312.50,183.0531
375.00,303.0306
437.50,254.2149
500.00,100.8089
airflow(m/s),4.77
clocktime,112779

0.00,434.6389
62.50,214.1663
125.00,315.6559
187.50,326.8023
250.00,241.5384
312.50,56.4576
375.00,176.8757
437.50,321.1548
500.00,333.2425
airflow(m/s),5.45
clocktime,114538

0.00,5042.5834
62.50,2167.7758
125.00,753.0441
187.50,105.9306
250.00,235.3814
312.50,278.7279
375.00,114.0726
437.50,79.5476
500.00,191.6131
airflow(m/s),4.32
clocktime,116249

0.00,1963.0965
62.50,1214.8462
125.00,345.0608
187.50,145.0749
250.00,183.2801
312.50,97.5388
375.00,224.3553
437.50,279.0445
500.00,60.2504
airflow(m/s),3.59
clocktime,118008

0.00,4147.1581
62.50,2139.8410
125.00,660.4946
187.50,256.9052
250.00,233.1968
312.50,151.2887
375.00,142.6073
437.50,279.6173
500.00,172.4752
airflow(m/s),7.01
clocktime,119720

0.00,82.3948
62.50,311.9445
125.00,183.1909
187.50,289.6099
250.00,215.2758
312.50,216.0438
375.00,189.8899
437.50,29.6599
500.00,31.7795
airflow(m/s),3.74
clocktime,121428

0.00,5158.8809
62.50,2367.8755
125.00,466.9761
187.50,331.2753
250.00,142.7392
312.50,124.1093
375.00,140.7537
437.50,283.5618
500.00,292.7607
airflow(m/s),3.51
clocktime,123190

0.00,256.7803
62.50,700.4009
125.00,428.4776
187.50,38.2742
250.00,173.4730
312.50,206.8244
375.00,279.8394
437.50,244.6662
500.00,101.9042
airflow(m/s),3.59
clocktime,124898

0.00,2552.1162
62.50,1529.4690
125.00,391.5310
187.50,235.8223
250.00,190.3973
312.50,82.4757
375.00,115.5556
437.50,162.2798
500.00,200.1531
airflow(m/s),5.15
clocktime,126609

0.00,1794.3083
62.50,757.8983
125.00,600.0864
187.50,315.3940
250.00,28.3561
312.50,120.2684
375.00,152.2804
437.50,79.6120
500.00,200.2363
airflow(m/s),4.06
clocktime,128368

0.00,357.8866
62.50,639.9893
125.00,249.8708
187.50,232.0364
250.00,144.1564
312.50,25.1239
375.00,31.7480
437.50,113.0095
500.00,166.1352
airflow(m/s),4.15
clocktime,130077

0.00,1426.1175
62.50,658.0665
125.00,154.7898
187.50,221.0554
250.00,127.8677
312.50,81.9617
375.00,212.6240
437.50,174.2805
500.00,62.2412
airflow(m/s),4.67
clocktime,131836

0.00,6646.7725
62.50,2490.2666
125.00,826.0557
187.50,373.4353
250.00,159.1344
312.50,118.6185
375.00,140.6712
437.50,145.2234
500.00,224.4674
airflow(m/s),3.59
clocktime,133547

0.00,2365.1808
62.50,1628.1003
125.00,926.4296
187.50,427.3297
250.00,293.1552
312.50,163.9657
375.00,144.9852
437.50,224.7719
500.00,240.8441
airflow(m/s),3.22
clocktime,135257

0.00,964.9734
62.50,630.1421
125.00,579.2164
187.50,450.5005
250.00,314.1160
312.50,77.6150
375.00,156.7833
437.50,278.1096
500.00,206.6580
airflow(m/s),4.95
clocktime,137019

0.00,2952.9370
62.50,1788.6751
125.00,372.6922
187.50,215.9717
250.00,311.7426
312.50,215.7441
375.00,79.4530
437.50,32.4966
500.00,229.6496
airflow(m/s),4.49
clocktime,138728

0.00,5635.9686
62.50,2674.8216
125.00,782.1815
187.50,538.3703
250.00,192.3067
312.50,107.7000
375.00,89.2611
437.50,71.1348
500.00,22.2456
airflow(m/s),4.86
clocktime,140439

0.00,2106.9106
62.50,1831.6102
125.00,900.4336
187.50,262.9959
250.00,210.8654
312.50,95.0938
375.00,115.1015
437.50,204.5250
500.00,138.1924
airflow(m/s),4.67
clocktime,142161

0.00,1637.3262
62.50,264.2372
125.00,335.9035
187.50,205.9994
250.00,74.9623
312.50,60.7172
375.00,94.4405
437.50,203.9125
500.00,165.5958
airflow(m/s),3.59
clocktime,143872

0.00,618.4795
62.50,309.0476
125.00,457.0690
187.50,239.8606
250.00,178.7737
312.50,131.8196
375.00,88.7679
437.50,174.5389
500.00,226.2818
airflow(m/s),6.08
clocktime,145886

0.00,2866.8204
62.50,1325.3247
125.00,288.7582
187.50,272.4861
250.00,54.9738
312.50,220.9464
375.00,252.1719
437.50,101.0121
500.00,162.0207
airflow(m/s),4.41
clocktime,147644

0.00,1786.4305
62.50,1491.2202
125.00,1061.4058
187.50,522.3166
250.00,175.8515
312.50,75.9030
375.00,105.3182
437.50,169.2659
500.00,292.5736
airflow(m/s),4.32
clocktime,149355

0.00,4284.5017
62.50,2133.9201
125.00,330.9071
187.50,218.1208
250.00,65.8699
312.50,167.1660
375.00,38.3200
437.50,51.7457
500.00,39.2716
airflow(m/s),4.86
clocktime,151114

0.00,3212.0199
62.50,1702.7721
125.00,515.8863
187.50,387.5366
250.00,570.3096
312.50,291.1267
375.00,101.1141
437.50,94.6362
500.00,146.5799
airflow(m/s),5.55
clocktime,152825

0.00,3731.7874
62.50,1541.1315
125.00,160.6060
187.50,312.3452
250.00,230.0686
312.50,111.0081
375.00,85.0126
437.50,89.0721
500.00,148.0539
airflow(m/s),5.25
clocktime,154534

0.00,178.8827
62.50,998.1454
125.00,209.3152
187.50,310.1473
250.00,82.8096
312.50,100.9720
375.00,80.5617
437.50,120.3004
500.00,330.5672
airflow(m/s),3.90
clocktime,156296

0.00,1138.4570
62.50,179.8125
125.00,828.2060
187.50,571.1576
250.00,83.6115
312.50,120.1884
375.00,285.0419
437.50,228.0337
500.00,241.8418
airflow(m/s),4.41
clocktime,158005

0.00,441.6478
62.50,839.2428
125.00,620.7216
187.50,74.5784
250.00,156.7225
312.50,169.3788
375.00,191.1330
437.50,193.2653
500.00,233.6642
airflow(m/s),4.58
clocktime,159717

0.00,5898.6777
62.50,2902.2739
125.00,260.7967
187.50,423.6369
250.00,379.7263
312.50,313.8150
375.00,85.8520
437.50,77.3980
500.00,159.1521
airflow(m/s),3.98
clocktime,161477

0.00,1284.3573
62.50,1183.6816
125.00,417.5383
187.50,244.2871
250.00,104.8201
312.50,154.7312
375.00,149.8985
437.50,195.1107
500.00,171.0696
airflow(m/s),6.42
clocktime,163188

0.00,657.6098
62.50,781.7726
125.00,349.4771
187.50,104.8024
250.00,118.9957
312.50,209.1773
375.00,147.4914
437.50,160.5949
500.00,311.0986
airflow(m/s),3.51
clocktime,164948

0.00,6454.7808
62.50,3410.5244
125.00,437.9236
187.50,253.3958
250.00,317.4646
312.50,238.4281
375.00,105.0633
437.50,234.1528
500.00,269.0326
airflow(m/s),3.74
clocktime,166659

0.00,2089.7922
62.50,737.5380
125.00,488.9798
187.50,382.5216
250.00,128.7891
312.50,113.6005
375.00,136.7968
437.50,64.6389
500.00,156.8723
airflow(m/s),4.86
clocktime,168368

0.00,9798.9278
62.50,4413.6502
125.00,362.4292
187.50,178.4449
250.00,30.6646
312.50,65.1946
375.00,171.9844
437.50,239.0895
500.00,238.5052
airflow(m/s),4.32
clocktime,170130

0.00,243.4717
62.50,918.7066
125.00,469.7806
187.50,100.3268
250.00,255.3067
312.50,269.3284
375.00,303.6819
437.50,136.7669
500.00,111.6013
airflow(m/s),4.77
clocktime,171842

0.00,2963.9661
62.50,1158.3458
125.00,335.7883
187.50,546.4224
250.00,270.8070
312.50,211.7031
375.00,114.4864
437.50,72.9142
500.00,97.2607
airflow(m/s),3.98
clocktime,173550

0.00,345.8182
62.50,378.3329
125.00,301.1053
187.50,251.0687
250.00,351.5655
312.50,278.2520
375.00,112.0998
437.50,264.3328
500.00,182.6750
airflow(m/s),3.82
clocktime,175313

0.00,677.9873
62.50,432.2163
125.00,99.1786
187.50,135.8632
250.00,203.8622
312.50,190.9833
375.00,157.1624
437.50,49.3090
500.00,101.7588
airflow(m/s),3.29
clocktime,177020

0.00,902.5768
62.50,845.9841
125.00,352.5704
187.50,149.9315
250.00,346.5347
312.50,208.3274
375.00,113.9904
437.50,97.0236
500.00,76.2678
airflow(m/s),3.15
clocktime,178784

0.00,852.1003
62.50,1064.9956
125.00,125.3204
187.50,311.5753
250.00,261.0493
312.50,231.8762
375.00,65.7532
437.50,114.9817
500.00,81.1936
airflow(m/s),3.29
clocktime,180493

0.00,2109.6067
62.50,1828.7692
125.00,623.6245
187.50,75.2538
250.00,329.4744
312.50,179.8678
375.00,174.5982
437.50,130.6013
500.00,102.4903
airflow(m/s),4.86
clocktime,182205

0.00,2592.6877
62.50,1143.5391
125.00,807.6890
187.50,221.8855
250.00,150.5385
312.50,233.3289
375.00,35.3637
437.50,82.4328
500.00,171.1694
airflow(m/s),3.51
clocktime,183963

0.00,1607.8894
62.50,979.4797
125.00,676.0111
187.50,447.9437
250.00,102.9449
312.50,88.3583
375.00,175.3250
437.50,107.4470
500.00,118.0592
airflow(m/s),2.95
clocktime,185675

0.00,1185.3564
62.50,406.7307
125.00,484.3989
187.50,739.2010
250.00,433.9579
312.50,96.2485
375.00,119.8818
437.50,130.0057
500.00,241.4623
airflow(m/s),3.22
clocktime,187384

0.00,1175.4107
62.50,1256.0274
125.00,637.9239
187.50,394.4322
250.00,316.7665
312.50,105.9826
375.00,131.3071
437.50,160.7770
500.00,141.8138
airflow(m/s),3.44
clocktime,189146

0.00,2562.7634
62.50,967.0398
125.00,151.7477
187.50,63.9011
250.00,138.7084
312.50,144.6668
375.00,130.1793
437.50,225.1516
500.00,126.7929
airflow(m/s),2.95
clocktime,190854

0.00,895.5920
62.50,264.3928
125.00,585.5666
187.50,278.9820
250.00,219.6997
312.50,209.3152
375.00,148.0972
437.50,202.2197
500.00,215.9145
airflow(m/s),3.29
clocktime,192565

0.00,551.1644
62.50,383.2233
125.00,652.6770
187.50,545.9356
250.00,138.2454
312.50,253.4833
375.00,132.8992
437.50,62.7809
500.00,87.2496
airflow(m/s),6.89
clocktime,194324

0.00,136.1458
62.50,205.3739
125.00,460.1626
187.50,687.3596
250.00,163.4275
312.50,193.3566
375.00,223.3902
437.50,207.3883
500.00,309.0367
airflow(m/s),4.86
clocktime,196036

0.00,2439.6637
62.50,1245.7744
125.00,147.4997
187.50,246.1965
250.00,215.8098
312.50,76.4084
375.00,104.1720
437.50,206.7721
500.00,193.3235
airflow(m/s),5.87
clocktime,197795

0.00,2081.6896
62.50,456.4513
125.00,732.9560
187.50,308.9243
250.00,225.7762
312.50,243.9848
375.00,26.3468
437.50,255.1888
500.00,165.4357
airflow(m/s),7.26
clocktime,199507

0.00,631.6911
62.50,418.0758
125.00,227.7158
187.50,542.1833
250.00,508.5007
312.50,316.6640
375.00,329.3592
437.50,421.3569
500.00,213.5142
airflow(m/s),4.23
clocktime,201216

0.00,475.2156
62.50,440.7596
125.00,226.8782
187.50,407.0908
250.00,267.6452
312.50,73.7767
375.00,147.0797
437.50,189.7351
500.00,205.4428
airflow(m/s),6.42
clocktime,202978

0.00,569.2687
62.50,113.4095
125.00,664.7229
187.50,530.6833
250.00,429.7571
312.50,248.5389
375.00,159.5279
437.50,316.0519
500.00,260.7872
airflow(m/s),4.86
clocktime,204686

0.00,3921.3123
62.50,1907.0846
125.00,529.6689
187.50,363.6530
250.00,368.2101
312.50,264.4263
375.00,40.9424
437.50,100.4331
500.00,53.6351
airflow(m/s),3.44
clocktime,206398

0.00,2430.7675
62.50,1121.1907
125.00,194.6126
187.50,211.4891
250.00,206.8288
312.50,19.6362
375.00,134.3089
437.50,158.4716
500.00,34.1146
airflow(m/s),2.82
clocktime,208158

0.00,1618.0576
62.50,1009.4322
125.00,493.4452
187.50,300.4926
250.00,299.6022
312.50,179.4365
375.00,131.4934
437.50,218.3460
500.00,279.1359
airflow(m/s),3.01
clocktime,209869

0.00,1794.0168
62.50,971.0667
125.00,474.8603
187.50,104.0125
250.00,257.0340
312.50,281.0587
375.00,189.4185
437.50,142.4614
500.00,131.2828
airflow(m/s),2.75
clocktime,211629

0.00,1513.9338
62.50,1282.4940
125.00,265.8623
187.50,448.8408
250.00,321.0931
312.50,147.1835
375.00,202.4058
437.50,114.1665
500.00,124.5631
airflow(m/s),3.66
clocktime,213339

0.00,4451.0175
62.50,2265.5790
125.00,300.0518
187.50,470.2469
250.00,311.5680
312.50,199.8782
375.00,83.2447
437.50,237.3825
500.00,277.7261
airflow(m/s),3.36
clocktime,215048

0.00,1491.8175
62.50,677.9231
125.00,421.4113
187.50,99.0773
250.00,66.4884
312.50,89.3221
375.00,139.8226
437.50,34.9757
500.00,86.5081
airflow(m/s),3.22
clocktime,216810

0.00,1184.6616
62.50,1116.6509
125.00,813.6263
187.50,570.1280
250.00,138.9337
312.50,67.3557
375.00,49.6743
437.50,150.4635
500.00,269.4989
airflow(m/s),3.36
clocktime,218523

0.00,5988.1201
62.50,3172.1220
125.00,871.4591
187.50,301.7500
250.00,208.1611
312.50,170.6910
375.00,105.6607
437.50,54.7279
500.00,175.1216
airflow(m/s),3.51
clocktime,220230

0.00,2018.4298
62.50,1155.7878
125.00,667.5775
187.50,464.8610
250.00,173.3074
312.50,49.1835
375.00,142.0245
437.50,124.9988
500.00,44.4403
airflow(m/s),3.36
clocktime,221993

0.00,3457.2587
62.50,1521.4728
125.00,160.0536
187.50,136.0452
250.00,173.0385
312.50,145.2643
375.00,108.8121
437.50,295.0558
500.00,89.2086
airflow(m/s),3.29
clocktime,223701

0.00,1055.6717
62.50,1185.2429
125.00,760.8645
187.50,521.3048
250.00,409.8722
312.50,409.3343
375.00,111.3723
437.50,146.3847
500.00,96.0477
airflow(m/s),3.36
clocktime,225413

0.00,2594.7504
62.50,1491.7870
125.00,428.8429
187.50,63.7183
250.00,190.6414
312.50,118.9477
375.00,47.3946
437.50,75.0664
500.00,51.1571
airflow(m/s),3.98
clocktime,227172

0.00,1906.8604
62.50,1403.4040
125.00,376.3611
187.50,404.0318
250.00,280.5692
312.50,75.0886
375.00,85.5328
437.50,87.8917
500.00,295.4060
airflow(m/s),3.08
clocktime,228884

0.00,379.1727
62.50,686.0438
125.00,698.1482
187.50,161.1252
250.00,301.6288
312.50,211.1168
375.00,266.0497
437.50,252.4921
500.00,122.3301
airflow(m/s),3.15
clocktime,230643

0.00,62.1100
62.50,946.1032
125.00,496.7393
187.50,261.6021
250.00,235.9463
312.50,184.6307
375.00,90.2751
437.50,287.3483
500.00,304.6137
airflow(m/s),3.51
clocktime,232355

0.00,685.6262
62.50,724.0684
125.00,370.1743
187.50,166.8970
250.00,363.6066
312.50,158.0724
375.00,29.8802
437.50,87.1834
500.00,173.9761
airflow(m/s),3.15
clocktime,234063

0.00,1369.6791
62.50,979.3255
125.00,318.4538
187.50,198.9574
250.00,149.5369
312.50,185.7825
375.00,43.9831
437.50,201.7119
500.00,131.5798
airflow(m/s),2.75
clocktime,235826

0.00,347.2282
62.50,412.8796
125.00,553.3504
187.50,337.0346
250.00,65.7475
312.50,60.6848
375.00,122.5930
437.50,131.7452
500.00,189.1052
airflow(m/s),2.82
clocktime,237534

0.00,1106.0047
62.50,731.7172
125.00,151.6876
187.50,218.7170
250.00,71.3060
312.50,201.5544
375.00,102.5522
437.50,70.3818
500.00,137.6435
airflow(m/s),3.29
clocktime,239248

0.00,191.2463
62.50,414.6208
125.00,691.7808
187.50,144.5895
250.00,208.2824
312.50,123.7848
375.00,98.4589
437.50,115.6772
500.00,40.4851
airflow(m/s),3.98
clocktime,241007

0.00,1271.2200
62.50,1128.1609
125.00,553.8614
187.50,193.0021
250.00,374.5678
312.50,47.9730
375.00,186.2332
437.50,256.7739
500.00,234.8481
airflow(m/s),2.75
clocktime,242719

0.00,4454.9332
62.50,1946.1317
125.00,160.2975
187.50,253.3746
250.00,272.1660
312.50,112.9929
375.00,55.5912
437.50,35.1099
500.00,72.2377
airflow(m/s),3.82
clocktime,244479

0.00,966.6960
62.50,871.3396
125.00,520.1165
187.50,346.5458
250.00,77.8133
312.50,58.9785
375.00,181.6470
437.50,151.2725
500.00,109.0190
airflow(m/s),6.08
clocktime,246190

0.00,1504.2697
62.50,1037.3056
125.00,419.4816
187.50,372.3854
250.00,60.4760
312.50,147.2678
375.00,119.3649
437.50,259.8590
500.00,221.2144
airflow(m/s),5.45
clocktime,247899

0.00,44.3160
62.50,184.8022
125.00,311.0976
187.50,397.1030
250.00,79.0662
312.50,49.9300
375.00,238.7648
437.50,300.7815
500.00,276.3669
airflow(m/s),3.59
clocktime,249662

0.00,931.4424
62.50,953.3872
125.00,724.4470
187.50,313.2164
250.00,198.4095
312.50,142.9146
375.00,205.9322
437.50,62.2144
500.00,145.6873
airflow(m/s),4.67
clocktime,251371

0.00,1023.9530
62.50,728.0193
125.00,99.9983
187.50,352.3924
250.00,203.3719
312.50,99.1146
375.00,111.0858
437.50,125.5908
500.00,70.3998
airflow(m/s),5.15
clocktime,253082

0.00,1029.6009
62.50,549.1783
125.00,112.2836
187.50,78.5385
250.00,293.1093
312.50,280.5594
375.00,182.7970
437.50,207.1604
500.00,312.7402
airflow(m/s),3.22
clocktime,254842

0.00,672.6750
62.50,745.5157
125.00,406.5886
187.50,409.5493
250.00,325.9401
312.50,163.3480
375.00,152.5563
437.50,60.6071
500.00,255.2079
airflow(m/s),3.59
clocktime,256552

0.00,1142.3592
62.50,204.5518
125.00,298.4877
187.50,302.6425
250.00,206.8384
312.50,122.8260
375.00,156.1716
437.50,222.9059
500.00,150.9918
airflow(m/s),6.54
clocktime,258261

0.00,5094.5448
62.50,2718.6539
125.00,758.4642
187.50,216.7427
250.00,297.3047
312.50,104.5619
375.00,50.2736
437.50,263.1870
500.00,265.3088
airflow(m/s),7.26
clocktime,260024

0.00,1777.2712
62.50,1381.9336
125.00,521.0818
187.50,262.4906
250.00,423.2803
312.50,322.6080
375.00,267.9912
437.50,328.1367
500.00,244.6640
airflow(m/s),5.76
clocktime,261733

0.00,4272.7015
62.50,2567.6268
125.00,619.3665
187.50,316.9049
250.00,144.0290
312.50,61.4281
375.00,139.1608
437.50,159.6332
500.00,325.0986
airflow(m/s),4.58
clocktime,263495

0.00,463.6444
62.50,665.1484
125.00,402.7179
187.50,273.3757
250.00,309.8884
312.50,67.5879
375.00,217.0834
437.50,98.6898
500.00,167.5064
airflow(m/s),7.01
clocktime,265207

0.00,3430.4854
62.50,2196.6025
125.00,561.5405
187.50,281.3920
250.00,218.3507
312.50,130.1225
375.00,193.2964
437.50,222.3389
500.00,159.1850
airflow(m/s),5.97
clocktime,266915

0.00,3077.0535
62.50,1817.9059
125.00,841.6430
187.50,489.4232
250.00,426.9466
312.50,159.9121
375.00,59.5471
437.50,13.9714
500.00,64.4183
airflow(m/s),3.66
clocktime,268678

0.00,1989.7653
62.50,1650.8773
125.00,1188.9979
187.50,979.6902
250.00,441.3322
312.50,119.5767
375.00,45.4145
437.50,80.0060
500.00,171.0038
airflow(m/s),3.66
clocktime,270385

0.00,6813.0301
62.50,3491.6396
125.00,380.1961
187.50,583.8044
250.00,415.0588
312.50,164.3279
375.00,32.8830
437.50,168.7239
500.00,69.9459
airflow(m/s),4.58
clocktime,272098

0.00,2718.2392
62.50,617.6974
125.00,386.5465
187.50,463.3037
250.00,390.3842
312.50,98.1551
375.00,140.2805
437.50,178.9990
500.00,191.6043
airflow(m/s),3.82
clocktime,273857

0.00,12999.4595
62.50,5492.6979
125.00,724.2704
187.50,491.9594
250.00,427.4656
312.50,21.2400
375.00,87.2753
437.50,41.0365
500.00,192.8401
airflow(m/s),5.25
clocktime,275570

0.00,3462.2165
62.50,1105.2387
125.00,482.6136
187.50,385.6380
250.00,386.1911
312.50,224.6189
375.00,76.2280
437.50,227.6406
500.00,181.7610
airflow(m/s),4.41
clocktime,277328

0.00,543.2293
62.50,957.3505
125.00,813.5763
187.50,490.4103
250.00,253.0454
312.50,67.8678
375.00,125.0679
437.50,178.4301
500.00,116.5086
airflow(m/s),7.26
clocktime,279040

0.00,2418.2903
62.50,1294.7780
125.00,497.1174
187.50,279.8831
250.00,216.6979
312.50,187.9881
375.00,102.7783
437.50,144.0413
500.00,132.1509
airflow(m/s),5.55
clocktime,280748

0.00,86.9084
62.50,222.1368
125.00,197.2229
187.50,135.3238
250.00,177.1482
312.50,188.4766
375.00,57.0531
437.50,18.6528
500.00,110.6607
airflow(m/s),5.35
clocktime,282509

0.00,3863.0318
62.50,1784.3870
125.00,352.8358
187.50,599.8190
250.00,311.5994
312.50,102.0071
375.00,115.7980
437.50,72.1347
500.00,219.0449
airflow(m/s),3.44
clocktime,284218

0.00,724.1729
62.50,1183.6826
125.00,673.8649
187.50,211.6433
250.00,180.0184
312.50,170.8028
375.00,121.2455
437.50,155.7910
500.00,176.9294
airflow(m/s),3.29
clocktime,285930

0.00,2750.9479
62.50,1356.2477
125.00,321.2453
187.50,80.0840
250.00,210.1527
312.50,153.1584
375.00,273.6205
437.50,280.2914
500.00,210.3038
airflow(m/s),3.82
clocktime,287690

0.00,843.7492
62.50,601.0218
125.00,730.5307
187.50,235.2172
250.00,327.3984
312.50,253.9463
375.00,113.7790
437.50,164.1262
500.00,203.5166
airflow(m/s),3.51
clocktime,289401

0.00,542.3519
62.50,439.3532
125.00,327.8770
187.50,321.9112
250.00,156.3415
312.50,158.8213
375.00,26.2306
437.50,85.5530
500.00,62.6312
airflow(m/s),3.51
clocktime,291109

0.00,1933.1246
62.50,1161.9358
125.00,548.4212
187.50,247.8492
250.00,240.8272
312.50,133.2640
375.00,105.4465
437.50,150.1713
500.00,7.9160
airflow(m/s),4.41
clocktime,292872

0.00,4145.4393
62.50,1650.3500
125.00,567.3537
187.50,289.7864
250.00,148.5413
312.50,206.6648
375.00,136.4115
437.50,222.9286
500.00,70.3787
airflow(m/s),7.01
clocktime,294581

0.00,4902.0989
62.50,2411.5554
125.00,166.3648
187.50,254.0870
250.00,244.4217
312.50,123.0712
375.00,97.5223
437.50,88.5121
500.00,25.8370
airflow(m/s),5.76
clocktime,296343

0.00,304.4737
62.50,572.1158
125.00,810.2564
187.50,641.0922
250.00,253.2561
312.50,222.3187
375.00,43.7479
437.50,80.1044
500.00,145.5998
airflow(m/s),5.45
clocktime,298052

0.00,3078.6268
62.50,2010.0504
125.00,662.6131
187.50,242.3314
250.00,214.6335
312.50,138.3820
375.00,170.4815
437.50,205.3938
500.00,75.5129
airflow(m/s),6.42
clocktime,299763

0.00,6455.8042
62.50,2770.8845
125.00,750.0814
187.50,413.3231
250.00,335.8701
312.50,141.1168
375.00,45.3404
437.50,133.1748
500.00,132.1990
airflow(m/s),3.82
clocktime,301523

0.00,2390.5424
62.50,1144.3490
125.00,197.9531
187.50,130.6368
250.00,144.7585
312.50,164.2677
375.00,210.1078
437.50,172.4480
500.00,35.6689
airflow(m/s),4.41
clocktime,303235

0.00,3060.0114
62.50,1755.2292
125.00,340.3797
187.50,396.2079
250.00,418.7525
312.50,226.9993
375.00,84.8846
437.50,61.9980
500.00,346.4902
airflow(m/s),3.44
clocktime,304944

0.00,4702.3199
62.50,1945.4049
125.00,555.5165
187.50,225.4555
250.00,224.4447
312.50,140.9806
375.00,118.9109
437.50,218.9905
500.00,234.5673
airflow(m/s),4.06
clocktime,306707

0.00,2388.2269
62.50,1206.8979
125.00,364.8673
187.50,296.4267
250.00,116.3275
312.50,52.3689
375.00,29.0342
437.50,184.3282
500.00,21.0578
airflow(m/s),4.41
clocktime,308417

0.00,3131.6334
62.50,1600.7861
125.00,260.6265
187.50,127.5561
250.00,310.3323
312.50,189.2297
375.00,60.9705
437.50,60.2643
500.00,144.9531
airflow(m/s),3.66
clocktime,310178

0.00,444.2097
62.50,391.8263
125.00,576.5100
187.50,418.1327
250.00,262.6920
312.50,204.4811
375.00,89.3849
437.50,68.8774
500.00,137.8798
airflow(m/s),3.66
clocktime,311892

0.00,960.7418
62.50,1002.0066
125.00,884.9322
187.50,277.2791
250.00,270.6426
312.50,105.6169
375.00,95.1271
437.50,235.3580
500.00,199.2797
airflow(m/s),3.51
clocktime,313599

0.00,353.0668
62.50,993.3765
125.00,569.8354
187.50,59.0062
250.00,128.1661
312.50,328.2982
375.00,303.5989
437.50,133.6211
500.00,120.8758
airflow(m/s),3.59
clocktime,315363

0.00,1014.2213
62.50,1131.1645
125.00,1005.4114
187.50,209.1003
250.00,45.6083
312.50,84.8092
375.00,65.8182
437.50,99.1364
500.00,114.5894
airflow(m/s),4.67
clocktime,317072

0.00,2322.7258
62.50,1423.8565
125.00,791.0466
187.50,554.1189
250.00,125.3857
312.50,116.4576
375.00,89.6217
437.50,224.9649
500.00,305.3881
airflow(m/s),3.44
clocktime,318785

0.00,4490.5131
62.50,2303.8598
125.00,701.9417
187.50,642.0384
250.00,259.3017
312.50,299.2933
375.00,169.9502
437.50,440.9124
500.00,342.0461
airflow(m/s),4.86
clocktime,320544

0.00,457.7022
62.50,362.1008
125.00,480.4089
187.50,471.8876
250.00,421.9123
312.50,194.4603
375.00,154.9951
437.50,390.6397
500.00,378.3558
airflow(m/s),5.97
clocktime,322257

0.00,1939.5698
62.50,1336.9895
125.00,415.4010
187.50,317.8101
250.00,458.7872
312.50,247.1495
375.00,269.0422
437.50,204.2705
500.00,201.0647
airflow(m/s),7.01
clocktime,324016

0.00,19.5660
62.50,1085.3087
125.00,441.9746
187.50,14.3013
250.00,77.9303
312.50,152.6614
375.00,103.2775
437.50,207.3743
500.00,104.7314
airflow(m/s),6.08
clocktime,325728

0.00,3583.4728
62.50,1816.5549
125.00,330.2006
187.50,145.8416
250.00,150.5500
312.50,156.7952
375.00,91.6735
437.50,125.3944
500.00,231.7394
airflow(m/s),3.82
clocktime,327436

0.00,4401.7907
62.50,2216.7405
125.00,468.7876
187.50,616.7627
250.00,519.0634
312.50,239.7255
375.00,102.2358
437.50,85.5784
500.00,157.6778
airflow(m/s),3.59
clocktime,329199

0.00,2663.5006
62.50,1123.7024
125.00,569.4298
187.50,312.5253
250.00,168.0832
312.50,188.9026
375.00,73.1623
437.50,64.5253
500.00,90.2737
airflow(m/s),3.36
clocktime,330908

0.00,924.8659
62.50,558.8509
125.00,261.5623
187.50,424.3085
250.00,487.2105
312.50,310.6528
375.00,242.0035
437.50,89.6925
500.00,65.4212
airflow(m/s),3.51
clocktime,332620

0.00,137.6631
62.50,194.6837
125.00,233.5891
187.50,22.3668
250.00,186.2094
312.50,39.5351
375.00,143.9168
437.50,124.0481
500.00,95.6755
airflow(m/s),3.29
clocktime,334379

0.00,2714.7715
62.50,1155.2579
125.00,649.1838
187.50,229.8930
250.00,129.7052
312.50,92.6100
375.00,171.6108
437.50,222.1510
500.00,325.0839
airflow(m/s),3.44
clocktime,336090

0.00,74.3732
62.50,468.2072
125.00,211.6311
187.50,268.6449
250.00,160.7810
312.50,140.6267
375.00,157.9605
437.50,257.2067
500.00,196.2371
airflow(m/s),3.01
clocktime,337799

0.00,2276.5737
62.50,948.3979
125.00,291.5281
187.50,143.6279
250.00,112.8974
312.50,76.8146
375.00,50.9798
437.50,204.6478
500.00,320.7975
airflow(m/s),3.74
clocktime,339562

0.00,1666.9587
62.50,1076.5561
125.00,171.8157
187.50,200.4048
250.00,184.7231
312.50,126.6537
375.00,80.8237
437.50,82.1103
500.00,99.0277
airflow(m/s),3.59
clocktime,341271

0.00,2822.2082
62.50,1625.7749
125.00,419.3470
187.50,359.8064
250.00,204.6766
312.50,270.9553
375.00,111.2506
437.50,209.6916
500.00,330.9678
airflow(m/s),3.29
clocktime,343034

0.00,6444.4396
62.50,2967.0487
125.00,694.1912
187.50,269.9729
250.00,275.5822
312.50,123.1276
375.00,249.0583
437.50,95.1022
500.00,59.9458
airflow(m/s),4.32
clocktime,344743

0.00,374.8060
62.50,330.6137
125.00,144.2028
187.50,222.1327
250.00,355.5093
312.50,159.2496
375.00,84.7499
437.50,84.7602
500.00,123.9638
airflow(m/s),4.15
clocktime,346455

0.00,2020.7093
62.50,1296.3519
125.00,591.2304
187.50,342.7297
250.00,379.2925
312.50,206.0850
375.00,167.1051
437.50,124.2281
500.00,114.4109
airflow(m/s),4.32
clocktime,348216

0.00,1811.4708
62.50,840.9675
125.00,140.1218
187.50,638.5059
250.00,399.2783
312.50,99.2243
375.00,97.0130
437.50,25.6602
500.00,181.9271
airflow(m/s),4.32
clocktime,349927

0.00,897.1470
62.50,233.8355
125.00,361.0551
187.50,67.1047
250.00,552.7554
312.50,310.3359
375.00,207.7823
437.50,263.6235
500.00,231.0594
airflow(m/s),4.06
clocktime,351636

0.00,2804.5199
62.50,1008.9164
125.00,713.1374
187.50,466.0976
250.00,157.0691
312.50,142.5389
375.00,60.9686
437.50,146.0036
500.00,126.9578
airflow(m/s),3.51
clocktime,353399

0.00,692.3091
62.50,684.0629
125.00,404.0107
187.50,481.2665
250.00,405.0105
312.50,231.8948
375.00,193.6888
437.50,85.6058
500.00,72.1834
airflow(m/s),3.90
clocktime,355108

0.00,3551.5378
62.50,1859.8953
125.00,332.1429
187.50,339.5740
250.00,93.1043
312.50,220.9961
375.00,132.1854
437.50,115.7826
500.00,58.8509
airflow(m/s),3.15
clocktime,356820

0.00,2607.4984
62.50,1245.9533
125.00,244.7103
187.50,119.8162
250.00,69.6230
312.50,120.2781
375.00,138.3773
437.50,190.6455
500.00,212.1422
airflow(m/s),3.82
clocktime,358584

0.00,934.3898
62.50,318.0521
125.00,149.0955
187.50,159.8789
250.00,122.6383
312.50,259.8489
375.00,223.6548
437.50,138.4278
500.00,142.5392
airflow(m/s),4.86
clocktime,360292

0.00,3663.7146
62.50,1689.9925
125.00,366.8289
187.50,364.5427
250.00,99.0294
312.50,144.9856
375.00,142.8318
437.50,395.0554
500.00,278.2674
airflow(m/s),3.36
clocktime,362056

0.00,443.4381
62.50,298.6277
125.00,345.7042
187.50,369.5459
250.00,189.8800
312.50,139.0232
375.00,83.6209
437.50,234.0806
500.00,131.8082
airflow(m/s),3.82
clocktime,363764

0.00,5531.1345
62.50,3155.5148
125.00,953.4894
187.50,328.9390
250.00,164.3138
312.50,10.7793
375.00,65.9081
437.50,180.2341
500.00,254.9798
airflow(m/s),3.15
clocktime,365477

0.00,1282.6751
62.50,664.5482
125.00,485.2143
187.50,386.0549
250.00,144.2064
312.50,45.3098
375.00,91.2834
437.50,110.0511
500.00,113.6296
airflow(m/s),3.36
clocktime,367236

0.00,474.9552
62.50,1033.3265
125.00,564.2703
187.50,385.7256
250.00,296.0253
312.50,201.8129
375.00,277.5145
437.50,211.0133
500.00,169.9610
airflow(m/s),3.08
clocktime,368949

0.00,388.8999
62.50,609.8643
125.00,395.5071
187.50,191.9505
250.00,97.2117
312.50,301.4056
375.00,105.2126
437.50,116.7665
500.00,66.1351
airflow(m/s),3.36
clocktime,370657

0.00,1980.8301
62.50,926.5250
125.00,652.3817
187.50,470.1483
250.00,218.1154
312.50,138.8370
375.00,30.0303
437.50,83.3056
500.00,198.4516
airflow(m/s),3.82
clocktime,372420

0.00,4503.4686
62.50,1919.1149
125.00,514.6981
187.50,455.4801
250.00,266.2965
312.50,121.2386
375.00,85.8893
437.50,120.0336
500.00,259.3998
airflow(m/s),4.41
clocktime,374129

0.00,1176.1937
62.50,861.1593
125.00,480.6721
187.50,432.9188
250.00,181.5290
312.50,118.2536
375.00,115.6128
437.50,250.5711
500.00,187.6849
airflow(m/s),5.97
clocktime,375892

0.00,4312.5421
62.50,1870.8735
125.00,527.4290
187.50,499.6578
250.00,131.7442
312.50,71.4427
375.00,88.0236
437.50,203.1554
500.00,171.1263
airflow(m/s),3.74
clocktime,377600

0.00,2560.0023
62.50,1265.1239
125.00,475.2308
187.50,296.2006
250.00,177.7103
312.50,182.1937
375.00,124.2982
437.50,59.9245
500.00,31.6023
airflow(m/s),3.44
clocktime,379313

0.00,2719.2202
62.50,1391.1840
125.00,420.5806
187.50,127.2139
250.00,193.7651
312.50,191.4154
375.00,55.0812
437.50,120.1569
500.00,186.2509
airflow(m/s),3.08
clocktime,381035

0.00,365.5879
62.50,703.4874
125.00,188.5943
187.50,139.1587
250.00,10.1369
312.50,130.1943
375.00,125.4139
437.50,178.5190
500.00,109.5748
airflow(m/s),3.01
clocktime,382748

0.00,3029.9298
62.50,1048.2466
125.00,209.9281
187.50,110.6480
250.00,142.0707
312.50,171.0968
375.00,24.9124
437.50,230.1706
500.00,364.0048
airflow(m/s),3.51
clocktime,384456

0.00,1843.7480
62.50,363.2350
125.00,706.7928
187.50,219.9952
250.00,89.4528
312.50,58.1558
375.00,106.0475
437.50,28.9256
500.00,82.3211
airflow(m/s),8.44
clocktime,386220

0.00,3215.4958
62.50,1956.2417
125.00,545.4757
187.50,338.6285
250.00,426.4641
312.50,386.4747
375.00,163.4160
437.50,83.7823
500.00,137.2306
airflow(m/s),7.51
clocktime,387929

0.00,1483.7103
62.50,1628.4800
125.00,1110.5987
187.50,372.1821
250.00,129.4124
312.50,155.3309
375.00,121.0570
437.50,80.5847
500.00,119.3147
airflow(m/s),7.26
clocktime,389691

0.00,1666.3952
62.50,933.9560
125.00,409.5262
187.50,142.8161
250.00,172.5025
312.50,221.4251
375.00,189.2013
437.50,168.1220
500.00,66.0495
airflow(m/s),6.89
clocktime,391400

0.00,3504.0858
62.50,1460.2272
125.00,296.5181
187.50,360.4827
250.00,123.6476
312.50,52.4162
375.00,17.6923
437.50,30.8355
500.00,83.2902
airflow(m/s),6.54
clocktime,393113

0.00,10.3108
62.50,498.9990
125.00,323.8525
187.50,256.5729
250.00,148.5287
312.50,46.5320
375.00,215.0772
437.50,250.4911
500.00,90.8579
airflow(m/s),5.97
clocktime,394873

0.00,575.9363
62.50,759.0383
125.00,439.1126
187.50,381.6164
250.00,209.5817
312.50,188.2130
375.00,164.4807
437.50,90.3664
500.00,5.5047
airflow(m/s),4.49
clocktime,396585

0.00,589.2697
62.50,1201.2719
125.00,1090.3535
187.50,360.0931
250.00,197.0331
312.50,154.9148
375.00,55.6855
437.50,202.5712
500.00,143.7498
airflow(m/s),3.15
clocktime,398294

0.00,1510.7351
62.50,611.3454
125.00,434.0762
187.50,371.9009
250.00,388.2788
312.50,201.5254
375.00,156.5174
437.50,297.6999
500.00,277.7977
airflow(m/s),3.51
clocktime,400056

0.00,2243.5501
62.50,1160.0584
125.00,266.7020
187.50,241.7844
250.00,435.6032
312.50,264.3872
375.00,117.0633
437.50,168.8300
500.00,206.9252
airflow(m/s),3.36
clocktime,401767

0.00,1203.7777
62.50,545.9537
125.00,532.1368
187.50,421.1438
250.00,241.6516
312.50,65.3575
375.00,138.5956
437.50,75.4819
500.00,148.2927
airflow(m/s),3.29
clocktime,403479

0.00,1481.1508
62.50,1015.8087
125.00,353.6656
187.50,399.9055
250.00,362.4022
312.50,201.7728
375.00,106.9845
437.50,49.5459
500.00,28.2489
airflow(m/s),2.95
clocktime,405239

0.00,2334.0694
62.50,1269.9703
125.00,348.4559
187.50,244.6882
250.00,128.8754
312.50,200.3994
375.00,86.4986
437.50,114.1491
500.00,250.4737
airflow(m/s),3.08
clocktime,406950

0.00,226.0406
62.50,105.7547
125.00,399.8132
187.50,139.6854
250.00,396.5295
312.50,335.8337
375.00,35.3311
437.50,9.8589
500.00,252.4046
airflow(m/s),3.01
clocktime,408713

0.00,414.8582
62.50,1008.1660
125.00,490.3677
187.50,252.2462
250.00,167.9926
312.50,212.9835
375.00,96.2027
437.50,131.8092
500.00,147.5300
airflow(m/s),4.41
clocktime,410422

0.00,2850.4340
62.50,1262.3110
125.00,346.8826
187.50,201.1907
250.00,120.7793
312.50,123.9279
375.00,90.5498
437.50,107.0717
500.00,143.0878
airflow(m/s),5.97
clocktime,412135

0.00,4152.0086
62.50,2160.3512
125.00,401.1266
187.50,364.7758
250.00,423.0754
312.50,74.4266
375.00,278.9257
437.50,200.0923
500.00,138.4815
airflow(m/s),5.45
clocktime,413894

0.00,4783.5178
62.50,2367.0555
125.00,514.3437
187.50,305.2318
250.00,143.3583
312.50,232.7179
375.00,139.6737
437.50,275.5185
500.00,283.8115
airflow(m/s),5.97
clocktime,415607

0.00,1298.8604
62.50,196.6132
125.00,433.8093
187.50,312.5243
250.00,135.7804
312.50,59.6059
375.00,31.3582
437.50,98.6521
500.00,64.6800
airflow(m/s),6.08
clocktime,417315

0.00,1499.1333
62.50,692.9648
125.00,266.1989
187.50,399.7552
250.00,190.3359
312.50,178.0774
375.00,197.3466
437.50,168.5431
500.00,138.4842
airflow(m/s),4.23
clocktime,419079

0.00,164.1454
62.50,506.0653
125.00,536.3319
187.50,411.4882
250.00,126.1933
312.50,175.6413
375.00,49.9215
437.50,222.9871
500.00,102.0939
airflow(m/s),3.66
clocktime,420787

0.00,2900.9182
62.50,1904.2614
125.00,577.5999
187.50,336.2558
250.00,301.5737
312.50,12.5169
375.00,159.1233
437.50,159.2317
500.00,110.4688
airflow(m/s),4.67
clocktime,422551

0.00,2101.5648
62.50,1635.3293
125.00,652.5703
187.50,184.4062
250.00,170.4904
312.50,170.0370
375.00,125.6824
437.50,311.8927
500.00,126.3571
airflow(m/s),7.38
clocktime,424260

0.00,5012.9885
62.50,1844.5380
125.00,602.4239
187.50,140.6791
250.00,26.4897
312.50,111.0549
375.00,148.7299
437.50,225.4682
500.00,206.2290
airflow(m/s),7.13
clocktime,425972

0.00,740.3509
62.50,631.5266
125.00,226.9102
187.50,76.7402
250.00,70.8278
312.50,168.6513
375.00,149.9335
437.50,134.4736
500.00,156.8544
airflow(m/s),7.13
clocktime,427732

0.00,4616.0125
62.50,1844.5248
125.00,222.0045
187.50,373.9193
250.00,178.5229
312.50,226.3134
375.00,89.6937
437.50,92.8629
500.00,159.3042
airflow(m/s),7.13
clocktime,429443

0.00,1054.0832
62.50,1180.9989
125.00,382.9472
187.50,75.2127
250.00,386.1157
312.50,263.6633
375.00,222.0313
437.50,172.5966
500.00,46.7922
airflow(m/s),5.15
clocktime,431152

0.00,1274.8235
62.50,1024.0903
125.00,800.1964
187.50,157.6738
250.00,83.2035
312.50,97.7909
375.00,120.3030
437.50,248.6635
500.00,149.7961
airflow(m/s),6.08
clocktime,432965

0.00,7612.0131
62.50,3207.3697
125.00,382.9115
187.50,131.5868
250.00,129.3794
312.50,163.4735
375.00,124.7677
437.50,127.7858
500.00,164.6114
airflow(m/s),4.06
clocktime,434674

0.00,1360.9942
62.50,823.1465
125.00,195.5413
187.50,300.1154
250.00,243.0353
312.50,23.4481
375.00,94.9558
437.50,91.5973
500.00,147.0767
airflow(m/s),4.15
clocktime,436387

0.00,1069.1272
62.50,650.1487
125.00,171.8400
187.50,135.5964
250.00,207.9099
312.50,215.5787
375.00,152.0914
437.50,244.6443
500.00,263.4328
airflow(m/s),5.15
clocktime,438267

0.00,3489.5212
62.50,1581.1498
125.00,271.8852
187.50,198.5099
250.00,227.5593
312.50,120.6166
375.00,80.0973
437.50,115.0295
500.00,82.5303
airflow(m/s),5.35
clocktime,440100

0.00,1223.0636
62.50,62.4375
125.00,732.6718
187.50,493.3388
250.00,463.7243
312.50,121.2312
375.00,144.6514
437.50,111.7305
500.00,149.0252
airflow(m/s),4.23
clocktime,441980

0.00,4653.8182
62.50,2588.6804
125.00,531.0094
187.50,103.5105
250.00,219.6493
312.50,120.8327
375.00,154.6859
437.50,127.4499
500.00,122.6575
airflow(m/s),5.25
clocktime,443813

0.00,3475.2183
62.50,1746.8932
125.00,434.1199
187.50,118.4522
250.00,159.8630
312.50,102.4203
375.00,99.7683
437.50,44.7970
500.00,31.7953
airflow(m/s),3.74
clocktime,445643

0.00,1482.5550
62.50,615.9244
125.00,160.6974
187.50,456.2452
250.00,461.6241
312.50,277.5309
375.00,168.3768
437.50,137.4496
500.00,198.5095
airflow(m/s),4.58
clocktime,447526

0.00,10216.1048
62.50,4366.4261
125.00,473.7372
187.50,265.5551
250.00,221.4528
312.50,233.9081
375.00,150.3180
437.50,278.0207
500.00,264.3409
airflow(m/s),4.06
clocktime,449356

0.00,2622.7401
62.50,1207.8237
125.00,1099.3567
187.50,672.1229
250.00,425.4132
312.50,188.0637
375.00,79.2659
437.50,230.0555
500.00,188.0672
airflow(m/s),5.87
clocktime,451188

0.00,1600.6345
62.50,1053.8851
125.00,373.1030
187.50,68.7972
250.00,220.6626
312.50,321.9599
375.00,194.4217
437.50,181.6218
500.00,79.5981
airflow(m/s),3.98
clocktime,453070

0.00,1395.9696
62.50,486.0698
125.00,58.0294
187.50,209.9470
250.00,303.3555
312.50,117.1639
375.00,91.1161
437.50,139.8005
500.00,324.1138
airflow(m/s),5.05
clocktime,454901

0.00,1370.9898
62.50,171.4546
125.00,88.8946
187.50,212.3119
250.00,252.5110
312.50,12.0965
375.00,51.2485
437.50,171.7519
500.00,204.8769
airflow(m/s),4.58
clocktime,456785

0.00,2061.4067
62.50,466.0834
125.00,569.0533
187.50,275.2332
250.00,202.1652
312.50,162.1762
375.00,112.1340
437.50,291.7022
500.00,104.8365
airflow(m/s),7.38
clocktime,458613

0.00,4668.9739
62.50,2136.6971
125.00,257.2215
187.50,228.8489
250.00,257.2491
312.50,15.8044
375.00,128.3740
437.50,121.2579
500.00,90.6889
airflow(m/s),6.89
clocktime,460446

0.00,3327.6502
62.50,1799.1139
125.00,541.8619
187.50,176.1151
250.00,385.3971
312.50,110.5561
375.00,89.6889
437.50,30.9469
500.00,98.9802
airflow(m/s),5.15
clocktime,462325

0.00,2462.7560
62.50,1480.3157
125.00,665.0580
187.50,307.9230
250.00,69.0493
312.50,181.0383
375.00,320.9292
437.50,369.3710
500.00,271.3042
airflow(m/s),4.41
clocktime,464159

0.00,5863.7168
62.50,2133.8227
125.00,573.8467
187.50,148.5890
250.00,205.4910
312.50,157.4640
375.00,102.5405
437.50,137.1664
500.00,248.7180
airflow(m/s),5.65
clocktime,465987

0.00,88.4142
62.50,912.1270
125.00,511.9960
187.50,161.3379
250.00,290.0405
312.50,217.9978
375.00,179.4945
437.50,251.2267
500.00,152.7571
airflow(m/s),4.15
clocktime,467871

0.00,2901.2554
62.50,1668.2168
125.00,604.7605
187.50,446.7429
250.00,190.0810
312.50,262.6265
375.00,221.5634
437.50,77.9003
500.00,37.0919
airflow(m/s),3.29
clocktime,469700

0.00,706.8847
62.50,460.0583
125.00,206.4824
187.50,374.7525
250.00,258.0237
312.50,92.5174
375.00,127.0511
437.50,105.5216
500.00,108.2346
airflow(m/s),3.15
clocktime,471533

0.00,2123.2857
62.50,981.5972
125.00,181.8776
187.50,286.9355
250.00,233.6398
312.50,313.1814
375.00,129.7623
437.50,187.5692
500.00,157.4045
airflow(m/s),3.08
clocktime,473413

0.00,1091.8928
62.50,922.0386
125.00,350.6288
187.50,215.7647
250.00,170.0315
312.50,146.8760
375.00,103.8161
437.50,176.9830
500.00,250.4394
airflow(m/s),2.69
clocktime,475245

0.00,1402.7690
62.50,985.8984
125.00,377.1513
187.50,224.3161
250.00,481.5607
312.50,358.6966
375.00,162.8166
437.50,227.6630
500.00,225.5591
airflow(m/s),5.87
clocktime,477125

0.00,2518.8850
62.50,1545.4599
125.00,579.5751
187.50,156.7245
250.00,419.6776
312.50,169.0541
375.00,89.6241
437.50,128.0709
500.00,48.3892
airflow(m/s),3.66
clocktime,478958

0.00,503.7398
62.50,176.1438
125.00,737.7345
187.50,328.0414
250.00,315.8764
312.50,212.7149
375.00,162.6783
437.50,33.0201
500.00,140.6753
airflow(m/s),3.36
clocktime,480787

0.00,3416.1918
62.50,1587.2394
125.00,225.1016
187.50,235.1383
250.00,199.1425
312.50,207.2021
375.00,172.5009
437.50,193.1581
500.00,113.4871
airflow(m/s),3.36
clocktime,482671

0.00,80.8329
62.50,371.3334
125.00,626.6641
187.50,270.8508
250.00,40.5483
312.50,136.5415
375.00,81.0067
437.50,94.1098
500.00,87.4874
airflow(m/s),2.82
clocktime,484501

0.00,74.6158
62.50,391.4685
125.00,634.3595
187.50,451.9532
250.00,188.8426
312.50,117.2309
375.00,66.7560
437.50,96.1366
500.00,213.4319
airflow(m/s),4.86
clocktime,486334

0.00,211.0889
62.50,480.8852
125.00,284.4479
187.50,294.0659
250.00,58.0265
312.50,75.1772
375.00,106.1473
437.50,236.9505
500.00,226.6579
airflow(m/s),3.59
clocktime,488214

0.00,1434.1242
62.50,795.7326
125.00,430.7448
187.50,268.1646
250.00,31.4204
312.50,216.8772
375.00,88.8778
437.50,70.1783
500.00,136.0063
airflow(m/s),4.15
clocktime,490046

0.00,1030.9177
62.50,582.1300
125.00,672.2584
187.50,163.7658
250.00,119.0794
312.50,130.7687
375.00,152.5843
437.50,87.9011
500.00,50.9600
airflow(m/s),3.36
clocktime,491927

0.00,2285.5623
62.50,1086.1904
125.00,325.6307
187.50,356.4946
250.00,326.7583
312.50,196.3875
375.00,158.5636
437.50,49.3057
500.00,124.5956
airflow(m/s),3.36
clocktime,493759

0.00,1456.7774
62.50,449.8781
125.00,220.3732
187.50,160.7988
250.00,166.1607
312.50,73.6859
375.00,296.8276
437.50,338.9845
500.00,219.2996
airflow(m/s),3.15
clocktime,495589

0.00,714.9400
62.50,637.8333
125.00,335.8437
187.50,471.5266
250.00,534.9036
312.50,45.1320
375.00,86.0528
437.50,175.7111
500.00,352.6072
airflow(m/s),2.69
clocktime,497471

0.00,673.8183
62.50,447.9895
125.00,179.8064
187.50,263.7683
250.00,123.5633
312.50,124.0613
375.00,142.2157
437.50,200.6227
500.00,280.0219
airflow(m/s),4.95
clocktime,499302

0.00,2165.6249
62.50,1303.8370
125.00,491.0879
187.50,338.9472
250.00,96.0883
312.50,125.1833
375.00,70.7143
437.50,252.6208
500.00,193.5815
airflow(m/s),6.65
clocktime,501134

0.00,619.5692
62.50,807.7551
125.00,943.9547
187.50,551.6867
250.00,314.0410
312.50,188.7483
375.00,31.1073
437.50,99.7878
500.00,180.3312
airflow(m/s),6.08
clocktime,503015

0.00,1472.0184
62.50,754.6363
125.00,302.4834
187.50,85.7994
250.00,136.3652
312.50,137.5705
375.00,237.4451
437.50,269.6263
500.00,103.0804
airflow(m/s),3.59
clocktime,504846

0.00,5511.1312
62.50,2617.3223
125.00,482.1743
187.50,69.3800
250.00,75.3399
312.50,256.7326
375.00,327.1824
437.50,198.5544
500.00,138.6468
airflow(m/s),3.82
clocktime,506677

0.00,2077.2262
62.50,1214.8057
125.00,482.4845
187.50,623.6677
250.00,263.8979
312.50,220.9158
375.00,30.0246
437.50,38.4520
500.00,107.8465
airflow(m/s),3.90
clocktime,508560

0.00,886.3713
62.50,287.1127
125.00,68.7078
187.50,307.8310
250.00,291.1289
312.50,277.1762
375.00,246.7630
437.50,288.9487
500.00,356.2161
airflow(m/s),3.59
clocktime,510394

0.00,1532.5065
62.50,721.3058
125.00,248.9936
187.50,125.3030
250.00,17.1756
312.50,27.2611
375.00,75.1766
437.50,148.4705
500.00,230.9865
airflow(m/s),4.49
clocktime,512273

0.00,1633.4660
62.50,1053.8608
125.00,120.6490
187.50,111.7842
250.00,217.0486
312.50,231.4439
375.00,166.2914
437.50,120.7998
500.00,28.7599
airflow(m/s),3.66
clocktime,514107

0.00,575.1865
62.50,202.8148
125.00,287.0943
187.50,379.5142
250.00,215.4297
312.50,74.1340
375.00,122.1537
437.50,97.7525
500.00,120.1117
airflow(m/s),5.25
clocktime,515936

0.00,678.1145
62.50,535.2147
125.00,698.5863
187.50,538.0710
250.00,226.7265
312.50,65.6551
375.00,179.7496
437.50,249.9356
500.00,240.2430
airflow(m/s),6.54
clocktime,517820

0.00,4429.0361
62.50,2161.4803
125.00,511.6882
187.50,73.3383
250.00,342.3948
312.50,143.5326
375.00,125.6512
437.50,145.7645
500.00,126.2693
airflow(m/s),5.45
clocktime,519649

0.00,6076.1911
62.50,3675.2961
125.00,773.7694
187.50,493.9545
250.00,261.1101
312.50,62.9672
375.00,79.6960
437.50,70.3167
500.00,143.8805
airflow(m/s),7.01
clocktime,521482

0.00,523.4820
62.50,1128.5230
125.00,760.7257
187.50,106.5139
250.00,183.9535
312.50,134.7860
375.00,42.4048
437.50,128.7293
500.00,85.3690
airflow(m/s),4.77
clocktime,523324

0.00,5614.3633
62.50,2603.4199
125.00,172.4168
187.50,224.1114
250.00,152.2561
312.50,195.9217
375.00,289.1510
437.50,93.4039
500.00,121.8571
airflow(m/s),4.58
clocktime,525157

0.00,3439.5032
62.50,1932.7591
125.00,514.6597
187.50,157.0961
250.00,201.3929
312.50,117.5119
375.00,67.9465
437.50,104.3384
500.00,176.4845
airflow(m/s),3.36
clocktime,527037

0.00,2364.9448
62.50,878.1684
125.00,342.6345
187.50,342.5464
250.00,320.5249
312.50,52.0597
375.00,104.7770
437.50,220.6661
500.00,208.0917
airflow(m/s),3.59
clocktime,529173

0.00,1040.9378
62.50,831.4940
125.00,283.3092
187.50,278.5797
250.00,420.9237
312.50,227.2008
375.00,180.2171
437.50,258.7816
500.00,206.3274
airflow(m/s),3.22
clocktime,531003

0.00,1659.7399
62.50,1872.8137
125.00,918.7607
187.50,385.4791
250.00,462.3867
312.50,305.8534
375.00,137.8663
437.50,112.9915
500.00,180.5221
airflow(m/s),2.69
clocktime,532885

0.00,2582.3289
62.50,1132.5639
125.00,174.7781
187.50,105.8526
250.00,173.2158
312.50,125.4849
375.00,160.5126
437.50,128.1965
500.00,93.8106
airflow(m/s),3.36
clocktime,534715

0.00,400.6454
62.50,578.7356
125.00,289.5376
187.50,199.5335
250.00,142.2448
312.50,29.6335
375.00,120.1145
437.50,200.7958
500.00,129.5766
airflow(m/s),2.88
clocktime,536547

0.00,1696.3710
62.50,599.7573
125.00,670.8563
187.50,41.5387
250.00,131.5440
312.50,10.6135
375.00,110.6953
437.50,119.1789
500.00,90.7782
airflow(m/s),3.36
clocktime,538431

0.00,619.4225
62.50,131.9000
125.00,111.9035
187.50,46.7369
250.00,367.8360
312.50,362.1821
375.00,137.0020
437.50,26.9391
500.00,170.3392
airflow(m/s),3.22
clocktime,540260

0.00,3055.9590
62.50,1333.8183
125.00,522.8260
187.50,230.6067
250.00,222.6215
312.50,151.3043
375.00,120.5731
437.50,196.4649
500.00,266.4297
airflow(m/s),3.15
clocktime,542094

0.00,2783.9511
62.50,1477.8687
125.00,540.1031
187.50,348.6586
250.00,67.2652
312.50,87.5089
375.00,46.1401
437.50,128.5699
500.00,43.1106
airflow(m/s),3.36
clocktime,543972

0.00,2044.4547
62.50,1246.8257
125.00,266.5225
187.50,433.0629
250.00,261.0023
312.50,69.8244
375.00,185.5111
437.50,57.2425
500.00,182.3038
airflow(m/s),3.22
clocktime,545807

0.00,16.3754
62.50,213.3492
125.00,194.0585
187.50,70.4330
250.00,107.9163
312.50,122.0248
375.00,147.1325
437.50,38.7313
500.00,127.7946
airflow(m/s),3.44
clocktime,547687

0.00,2709.4273
62.50,2286.4879
125.00,947.0828
187.50,380.3833
250.00,423.7774
312.50,226.4330
375.00,209.2759
437.50,244.4096
500.00,157.0755
airflow(m/s),4.23
clocktime,549520

0.00,2088.0238
62.50,1651.8985
125.00,669.8958
187.50,160.2345
250.00,215.6668
312.50,188.6190
375.00,82.8806
437.50,88.7251
500.00,122.1321
airflow(m/s),3.44
clocktime,551349

0.00,7800.5276
62.50,3916.2578
125.00,368.7169
187.50,249.4948
250.00,189.5665
312.50,117.4810
375.00,45.6086
437.50,58.0842
500.00,100.5306
airflow(m/s),6.65
clocktime,553232

0.00,3667.7250
62.50,1725.3898
125.00,151.6133
187.50,244.4596
250.00,199.3268
312.50,99.4715
375.00,82.3431
437.50,81.2424
500.00,110.0785
airflow(m/s),3.98
clocktime,555061

0.00,1701.9555
62.50,1198.9133
125.00,573.5517
187.50,324.6132
250.00,97.8244
312.50,186.2004
375.00,213.1975
437.50,215.8909
500.00,246.5761
airflow(m/s),4.23
clocktime,556894

0.00,4834.0656
62.50,2324.1323
125.00,417.8010
187.50,427.8947
250.00,246.0431
312.50,113.0442
375.00,192.3667
437.50,260.1930
500.00,172.9707
airflow(m/s),4.77
clocktime,558774

0.00,6576.5353
62.50,2663.0053
125.00,937.1589
187.50,198.9445
250.00,288.4972
312.50,226.6690
375.00,191.4504
437.50,137.1250
500.00,195.8552
airflow(m/s),3.44
clocktime,560607

0.00,1692.5376
62.50,1065.2235
125.00,542.7323
187.50,410.3834
250.00,165.1017
312.50,188.7407
375.00,189.8187
437.50,43.0012
500.00,242.2257
airflow(m/s),6.89
clocktime,562488

0.00,116.6803
62.50,390.3682
125.00,162.9856
187.50,239.4182
250.00,386.8680
312.50,91.5988
375.00,257.3596
437.50,111.2144
500.00,89.1050
airflow(m/s),5.97
clocktime,564321

0.00,1502.4061
62.50,576.6705
125.00,262.3040
187.50,251.2213
250.00,138.7705
312.50,146.7481
375.00,36.8278
437.50,46.6912
500.00,20.3745
airflow(m/s),4.86
clocktime,566151

0.00,3645.5677
62.50,1667.5813
125.00,250.3446
187.50,219.2574
250.00,82.3257
312.50,228.9518
375.00,257.8764
437.50,166.4938
500.00,109.0810
airflow(m/s),3.36
clocktime,568035

0.00,939.8525
62.50,967.4461
125.00,516.4215
187.50,291.3902
250.00,116.2451
312.50,142.8329
375.00,256.0657
437.50,227.5439
500.00,133.0167
airflow(m/s),3.98
clocktime,569864

0.00,2143.7904
62.50,1338.1991
125.00,281.5784
187.50,63.8666
250.00,103.6816
312.50,233.5041
375.00,243.1623
437.50,143.6759
500.00,116.2682
airflow(m/s),5.05
clocktime,571697

0.00,1762.9579
62.50,920.2295
125.00,599.1679
187.50,296.0339
250.00,546.5202
312.50,456.5159
375.00,168.4997
437.50,280.1745
500.00,327.8346
airflow(m/s),4.41
clocktime,573578

0.00,322.5968
62.50,145.5978
125.00,483.3988
187.50,350.0441
250.00,84.0660
312.50,169.9594
375.00,16.0122
437.50,165.5651
500.00,76.6613
airflow(m/s),3.51
clocktime,575410

0.00,2944.0287
62.50,1408.7905
125.00,149.5137
187.50,67.5497
250.00,394.4108
312.50,201.7990
375.00,26.4533
437.50,153.0865
500.00,171.7238
airflow(m/s),6.19
clocktime,577291

0.00,5359.4593
62.50,1958.3622
125.00,383.7587
187.50,68.2507
250.00,158.1269
312.50,25.8365
375.00,194.5198
437.50,338.5159
500.00,186.5792
airflow(m/s),5.97
clocktime,579123

0.00,2185.8061
62.50,1950.4063
125.00,621.7359
187.50,491.3964
250.00,370.9405
312.50,212.0233
375.00,85.1889
437.50,136.6134
500.00,74.9803
airflow(m/s),9.45
clocktime,580953

0.00,2783.7214
62.50,819.5276
125.00,50.3022
187.50,261.6161
250.00,212.8337
312.50,140.2019
375.00,198.2337
437.50,213.2235
500.00,131.1859
airflow(m/s),4.58
clocktime,582836

0.00,4849.4274
62.50,2011.2637
125.00,15.1489
187.50,147.2461
250.00,392.0284
312.50,215.8501
375.00,163.8173
437.50,105.4812
500.00,223.5276
airflow(m/s),4.67
clocktime,584667

0.00,4663.1766
62.50,1696.5903
125.00,517.9484
187.50,514.9400
250.00,481.8123
312.50,273.3597
375.00,94.6632
437.50,181.3811
500.00,126.1228
airflow(m/s),5.87
clocktime,586500

0.00,4725.2904
62.50,2250.2034
125.00,370.5107
187.50,324.0755
250.00,151.8724
312.50,234.4148
375.00,184.2926
437.50,269.2740
500.00,172.0105
airflow(m/s),4.86
clocktime,588383

0.00,1189.9648
62.50,336.0065
125.00,69.5776
187.50,265.9959
250.00,304.9682
312.50,350.0292
375.00,235.1490
437.50,92.4234
500.00,218.8929
airflow(m/s),5.15
clocktime,590211

0.00,1483.6848
62.50,1033.8122
125.00,159.4138
187.50,566.3065
250.00,270.4656
312.50,127.0820
375.00,134.7891
437.50,103.6580
500.00,193.1123
airflow(m/s),5.15
clocktime,592043

0.00,1122.9489
62.50,1333.9484
125.00,489.5548
187.50,401.5892
250.00,218.4373
312.50,52.1131
375.00,128.0545
437.50,240.3386
500.00,328.2734
airflow(m/s),3.82
clocktime,593923

0.00,2242.9066
62.50,1001.3531
125.00,649.5727
187.50,150.2580
250.00,269.9288
312.50,68.8687
375.00,77.0755
437.50,143.7314
500.00,349.2809
airflow(m/s),4.06
clocktime,595757

0.00,1251.0701
62.50,394.1833
125.00,69.7724
187.50,211.2497
250.00,246.1131
312.50,117.4508
375.00,21.5339
437.50,118.1537
500.00,142.2672
airflow(m/s),4.15
clocktime,597637

0.00,1371.7417
62.50,1332.0949
125.00,750.3772
187.50,221.7316
250.00,149.0864
312.50,92.4069
375.00,63.2494
437.50,59.8897
500.00,94.0235
airflow(m/s),3.01
clocktime,599470

0.00,757.6804
62.50,301.2133
125.00,448.6243
187.50,122.0600
250.00,34.0872
312.50,192.3584
375.00,200.6948
437.50,195.4889
500.00,272.0885
airflow(m/s),4.58
clocktime,601299

0.00,4127.2120
62.50,1298.8882
125.00,476.5402
187.50,391.3467
250.00,292.0715
312.50,92.1668
375.00,45.4381
437.50,109.1791
500.00,197.2582
airflow(m/s),3.98
clocktime,603183

0.00,784.2659
62.50,357.8909
125.00,779.9578
187.50,363.7866
250.00,98.1796
312.50,97.4067
375.00,11.8206
437.50,145.6808
500.00,159.1296
airflow(m/s),3.36
clocktime,605012

0.00,188.7773
62.50,115.2430
125.00,503.1505
187.50,326.4606
250.00,250.8099
312.50,190.6838
375.00,99.0816
437.50,56.1163
500.00,89.0746
airflow(m/s),4.67
clocktime,606845

0.00,5412.1699
62.50,2575.7158
125.00,386.3297
187.50,179.8802
250.00,114.1777
312.50,195.8435
375.00,229.1767
437.50,183.0885
500.00,100.1868
airflow(m/s),2.82
clocktime,608725

0.00,120.1916
62.50,278.5418
125.00,234.3547
187.50,132.8052
250.00,35.8152
312.50,126.8904
375.00,41.5108
437.50,124.5412
500.00,40.8131
airflow(m/s),4.23
clocktime,610558

0.00,1691.3063
62.50,674.9935
125.00,320.1913
187.50,170.3274
250.00,264.6845
312.50,177.5658
375.00,236.7818
437.50,334.5417
500.00,155.8785
airflow(m/s),2.88
clocktime,612438

0.00,599.9626
62.50,1076.9058
125.00,377.2488
187.50,326.3140
250.00,172.7588
312.50,16.1776
375.00,76.5776
437.50,72.2025
500.00,217.2948
airflow(m/s),3.22
clocktime,614271

0.00,742.1019
62.50,667.8041
125.00,476.7495
187.50,235.8890
250.00,129.4859
312.50,61.1146
375.00,60.9420
437.50,103.4879
500.00,147.3487
airflow(m/s),3.08
clocktime,616101

0.00,1079.9442
62.50,999.1349
125.00,388.8304
187.50,228.0048
250.00,56.3981
312.50,148.1173
375.00,69.8306
437.50,57.7576
500.00,212.0604
airflow(m/s),3.59
clocktime,617984

0.00,5383.6266
62.50,1860.4221
125.00,417.0888
187.50,78.9853
250.00,74.2821
312.50,161.8015
375.00,120.3709
437.50,91.0773
500.00,132.3934
airflow(m/s),3.08
clocktime,619815

0.00,1416.3301
62.50,792.4332
125.00,305.0785
187.50,156.6671
250.00,151.8180
312.50,127.9833
375.00,78.8495
437.50,124.2103
500.00,148.8794
airflow(m/s),3.15
clocktime,621647

0.00,3645.3729
62.50,2232.9713
125.00,796.6511
187.50,268.3904
250.00,121.3790
312.50,193.9766
375.00,235.6927
437.50,144.8530
500.00,112.9854
airflow(m/s),4.06
clocktime,623528

0.00,107.3504
62.50,491.8265
125.00,470.7622
187.50,371.7918
250.00,400.9145
312.50,273.3200
375.00,157.2378
437.50,149.8418
500.00,130.1773
airflow(m/s),3.82
clocktime,625360

0.00,3280.8245
62.50,1821.1193
125.00,215.3499
187.50,267.7813
250.00,103.9947
312.50,119.3607
375.00,159.8215
437.50,128.2168
500.00,108.9528
airflow(m/s),3.36
clocktime,627190

0.00,1834.3643
62.50,1015.7680
125.00,415.5265
187.50,442.4018
250.00,158.4268
312.50,170.5942
375.00,226.3750
437.50,116.2777
500.00,233.0644
airflow(m/s),3.22
clocktime,629074

0.00,2154.4287
62.50,1548.7514
125.00,377.7197
187.50,254.6015
250.00,139.1364
312.50,173.6228
375.00,169.8664
437.50,69.7464
500.00,41.9363
airflow(m/s),3.15
clocktime,630904

0.00,754.7535
62.50,476.0742
125.00,386.7882
187.50,130.5654
250.00,106.9365
312.50,23.1513
375.00,93.4481
437.50,153.4767
500.00,152.2914
airflow(m/s),3.01
clocktime,632787

0.00,1429.5563
62.50,474.0741
125.00,382.2349
187.50,259.1612
250.00,167.9660
312.50,200.5644
375.00,118.1684
437.50,49.6610
500.00,172.1659
airflow(m/s),3.08
clocktime,634618

0.00,1545.5254
62.50,864.3016
125.00,159.8132
187.50,329.7783
250.00,248.6676
312.50,206.8559
375.00,88.7035
437.50,261.0600
500.00,219.9737
airflow(m/s),3.36
clocktime,636450

0.00,2925.7593
62.50,1735.9846
125.00,327.9548
187.50,110.7180
250.00,134.2892
312.50,170.2209
375.00,246.1197
437.50,168.8760
500.00,273.0411
airflow(m/s),3.44
clocktime,638334

0.00,334.4242
62.50,156.5291
125.00,707.8487
187.50,223.4710
250.00,152.5784
312.50,57.1850
375.00,22.6688
437.50,176.5244
500.00,201.9336
airflow(m/s),3.29
clocktime,640164

0.00,6120.9377
62.50,2685.8060
125.00,393.6198
187.50,600.7417
250.00,313.4537
312.50,119.0400
375.00,184.3251
437.50,158.1411
500.00,78.5195
airflow(m/s),4.15
clocktime,641998

0.00,5961.7395
62.50,2305.6676
125.00,427.3575
187.50,152.8323
250.00,77.2035
312.50,120.7965
375.00,185.2115
437.50,89.0489
500.00,67.4653
airflow(m/s),6.31
clocktime,643877

0.00,2556.2775
62.50,1545.3769
125.00,657.8759
187.50,533.4365
250.00,156.6570
312.50,150.0756
375.00,96.4209
437.50,138.7594
500.00,204.6545
airflow(m/s),7.13
clocktime,645712

0.00,599.8250
62.50,498.0859
125.00,147.7630
187.50,213.4681
250.00,383.1607
312.50,295.8704
375.00,239.2883
437.50,161.6761
500.00,198.6870
airflow(m/s),7.51
clocktime,647592

0.00,4640.3920
62.50,1895.6611
125.00,607.9826
187.50,292.4920
250.00,115.7357
312.50,10.3686
375.00,157.4881
437.50,81.1837
500.00,59.0179
airflow(m/s),7.90
clocktime,649425

0.00,6741.8554
62.50,3380.5177
125.00,502.8639
187.50,68.8383
250.00,200.3573
312.50,277.5936
375.00,110.5871
437.50,141.1250
500.00,197.9368
airflow(m/s),9.45
clocktime,651255

0.00,2068.3358
62.50,1312.3896
125.00,400.5427
187.50,246.8088
250.00,273.8798
312.50,192.7497
375.00,214.6315
437.50,311.8046
500.00,277.0224
airflow(m/s),5.87
clocktime,653140

0.00,5288.9516
62.50,2360.2467
125.00,441.6568
187.50,197.2643
250.00,60.5247
312.50,68.7906
375.00,68.5105
437.50,158.1262
500.00,92.8405
airflow(m/s),6.42
clocktime,654970

0.00,6663.3691
62.50,3448.8004
125.00,618.6866
187.50,475.5768
250.00,76.6996
312.50,188.5016
375.00,78.8125
437.50,149.4244
500.00,178.0730
airflow(m/s),6.65
clocktime,656804

0.00,346.9529
62.50,541.8106
125.00,840.0024
187.50,295.3386
250.00,441.9242
312.50,413.2847
375.00,105.8680
437.50,45.9642
500.00,105.2757
airflow(m/s),6.19
clocktime,658646

0.00,231.8907
62.50,686.3420
125.00,600.2415
187.50,41.8100
250.00,231.6835
312.50,281.7686
375.00,153.1102
437.50,59.2319
500.00,56.7051
airflow(m/s),3.29
clocktime,660479

0.00,3586.3969
62.50,2061.5607
125.00,407.0245
187.50,192.1426
250.00,474.1344
312.50,156.7460
375.00,190.5697
437.50,107.8824
500.00,112.5264
airflow(m/s),3.22
clocktime,662309

0.00,2595.5518
62.50,1009.5719
125.00,232.3276
187.50,346.8489
250.00,154.3560
312.50,144.6471
375.00,273.1951
437.50,164.5380
500.00,106.3304
airflow(m/s),3.44
clocktime,664193

0.00,1534.9640
62.50,911.7575
125.00,407.7853
187.50,107.4743
250.00,242.5263
312.50,139.8693
375.00,113.6301
437.50,67.7182
500.00,44.6431
airflow(m/s),3.22
clocktime,666023

0.00,2665.0188
62.50,1725.5247
125.00,558.3365
187.50,97.0225
250.00,215.9837
312.50,159.9818
375.00,56.7254
437.50,12.5886
500.00,230.9207
airflow(m/s),3.15
clocktime,667907

0.00,1010.1205
62.50,421.4881
125.00,494.6485
187.50,420.0954
250.00,164.0942
312.50,51.2069
375.00,49.9110
437.50,107.2129
500.00,31.4058
airflow(m/s),3.44
clocktime,669738

0.00,1926.5508
62.50,1516.4046
125.00,621.2039
187.50,318.9865
250.00,135.2469
312.50,48.4071
375.00,84.9797
437.50,217.5755
500.00,176.2199
airflow(m/s),3.44
clocktime,671571

0.00,75.1743
62.50,466.6435
125.00,807.5240
187.50,349.8098
250.00,141.4121
312.50,89.6414
375.00,97.2632
437.50,65.8363
500.00,113.3525
airflow(m/s),3.01
clocktime,673452

0.00,234.3150
62.50,1052.1015
125.00,563.4793
187.50,315.6669
250.00,218.4552
312.50,153.7100
375.00,41.7639
437.50,17.6756
500.00,38.4392
airflow(m/s),2.95
clocktime,675284

0.00,634.1055
62.50,416.9995
125.00,97.1353
187.50,189.7185
250.00,377.3276
312.50,369.0439
375.00,186.4407
437.50,96.1518
500.00,82.2423
airflow(m/s),3.44
clocktime,677115

0.00,777.5338
62.50,519.1520
125.00,177.5224
187.50,259.2032
250.00,415.9969
312.50,181.2614
375.00,53.1587
437.50,17.3615
500.00,75.5749
airflow(m/s),3.59
clocktime,679000

0.00,2085.0543
62.50,363.1404
125.00,859.1698
187.50,273.0792
250.00,308.3339
312.50,352.6309
375.00,259.4662
437.50,71.7720
500.00,219.9761
airflow(m/s),3.59
clocktime,680830

0.00,2297.1778
62.50,1283.4878
125.00,884.0788
187.50,445.7338
250.00,130.6156
312.50,119.0800
375.00,254.0770
437.50,267.7030
500.00,296.1347
airflow(m/s),2.63
clocktime,682714

0.00,1561.6209
62.50,1412.6767
125.00,588.0326
187.50,306.1427
250.00,81.6998
312.50,114.2658
375.00,177.1320
437.50,95.0435
500.00,36.1230
airflow(m/s),3.44
clocktime,684544

0.00,218.4488
62.50,932.5307
125.00,110.4573
187.50,229.5018
250.00,133.4199
312.50,181.3469
375.00,14.1421
437.50,69.8348
500.00,162.5300
airflow(m/s),2.75
clocktime,686376

0.00,1149.4050
62.50,942.3994
125.00,764.9519
187.50,431.3813
250.00,375.0190
312.50,118.2398
375.00,58.8178
437.50,193.6728
500.00,231.0243
airflow(m/s),4.67
clocktime,688258

0.00,1905.6614
62.50,1103.6025
125.00,212.3446
187.50,543.5863
250.00,292.1211
312.50,93.0195
375.00,133.3019
437.50,44.8998
500.00,121.5352
airflow(m/s),6.42
clocktime,690090

0.00,3217.1969
62.50,1410.1185
125.00,328.9016
187.50,137.4796
250.00,182.5416
312.50,91.1765
375.00,44.1631
437.50,211.0602
500.00,128.8210
airflow(m/s),4.49
clocktime,691921

0.00,3526.1594
62.50,1962.8828
125.00,320.0036
187.50,220.1353
250.00,93.6683
312.50,171.4442
375.00,92.9470
437.50,227.9403
500.00,203.4058
airflow(m/s),7.13
clocktime,693804

0.00,4973.4201
62.50,2329.6594
125.00,350.8613
187.50,268.8917
250.00,43.4693
312.50,130.6905
375.00,68.5194
437.50,107.6716
500.00,221.9244
airflow(m/s),5.35
clocktime,695638

0.00,3784.7141
62.50,2016.9724
125.00,462.1881
187.50,675.5455
250.00,430.0440
312.50,292.4544
375.00,227.5764
437.50,212.0527
500.00,142.8947
airflow(m/s),5.05
clocktime,697467

0.00,4059.5750
62.50,1670.2323
125.00,381.2145
187.50,108.3015
250.00,259.2921
312.50,220.2006
375.00,73.1169
437.50,159.2386
500.00,238.1094
airflow(m/s),7.64
clocktime,699371

0.00,1574.6467
62.50,1176.2853
125.00,230.2612
187.50,226.1819
250.00,211.6220
312.50,139.2643
375.00,156.6802
437.50,135.3167
500.00,25.1605
airflow(m/s),8.86
clocktime,701200

0.00,428.8799
62.50,530.8436
125.00,449.9322
187.50,383.3788
250.00,683.0565
312.50,418.9110
375.00,191.7165
437.50,212.6000
500.00,186.7956
airflow(m/s),7.01
clocktime,703047

0.00,4093.1391
62.50,1987.4466
125.00,653.5048
187.50,240.2336
250.00,233.1506
312.50,157.6943
375.00,57.7642
437.50,56.1287
500.00,41.4805
airflow(m/s),6.31
clocktime,704876

0.00,1581.1103
62.50,928.1859
125.00,924.0440
187.50,57.8497
250.00,220.2400
312.50,143.8650
375.00,49.7060
437.50,60.8731
500.00,168.0844
airflow(m/s),5.45
clocktime,706710

0.00,817.6048
62.50,1292.2105
125.00,169.8320
187.50,135.8993
250.00,96.4391
312.50,136.2872
375.00,145.8980
437.50,327.4024
500.00,193.2785
airflow(m/s),5.45
clocktime,708590

0.00,48.5048
62.50,958.4704
125.00,654.6006
187.50,306.1129
250.00,198.0910
312.50,62.6519
375.00,82.9419
437.50,63.9631
500.00,176.6020
airflow(m/s),5.97
clocktime,710424

0.00,7360.0947
62.50,3455.6055
125.00,263.1133
187.50,387.8397
250.00,427.9502
312.50,160.0566
375.00,73.7269
437.50,126.6356
500.00,210.1065
airflow(m/s),6.77
clocktime,712253

0.00,2471.6817
62.50,1543.2084
125.00,504.0113
187.50,151.8255
250.00,59.6660
312.50,141.4302
375.00,123.0845
437.50,224.7917
500.00,299.5360
airflow(m/s),3.82
clocktime,714137

0.00,627.4600
62.50,985.9601
125.00,1083.9193
187.50,430.1758
250.00,245.7465
312.50,222.3982
375.00,99.3704
437.50,108.5107
500.00,47.1268
airflow(m/s),5.87
clocktime,715967

0.00,3205.7826
62.50,1800.0664
125.00,898.1550
187.50,193.0450
250.00,224.6302
312.50,196.1288
375.00,174.4926
437.50,176.8060
500.00,142.0993
airflow(m/s),5.55
clocktime,717851

0.00,1594.8151
62.50,910.4516
125.00,306.9678
187.50,168.7898
250.00,138.4070
312.50,182.3461
375.00,190.3222
437.50,293.9882
500.00,170.7722
airflow(m/s),5.65
clocktime,719680

0.00,214.7106
62.50,1197.3609
125.00,508.8281
187.50,306.4113
250.00,205.8910
312.50,170.6594
375.00,159.6547
437.50,239.3076
500.00,232.7756
airflow(m/s),6.54
clocktime,721514

0.00,6820.9137
62.50,2607.8871
125.00,1218.2466
187.50,866.4257
250.00,192.5418
312.50,123.3682
375.00,39.4110
437.50,77.7265
500.00,176.8555
airflow(m/s),5.05
clocktime,723394

0.00,3094.5275
62.50,1756.9916
125.00,48.3467
187.50,271.1220
250.00,459.5393
312.50,457.5698
375.00,171.1614
437.50,39.9359
500.00,17.4991
airflow(m/s),3.82
clocktime,725228

0.00,3862.0569
62.50,2847.2282
125.00,1230.7807
187.50,583.7259
250.00,172.3169
312.50,73.3508
375.00,101.7996
437.50,85.6653
500.00,44.4887
airflow(m/s),3.82
clocktime,727058

0.00,2360.3770
62.50,908.0869
125.00,990.7614
187.50,520.2395
250.00,160.5386
312.50,101.6303
375.00,68.1693
437.50,119.3966
500.00,36.5577
airflow(m/s),3.44
clocktime,728904

0.00,2451.9835
62.50,1901.9164
125.00,536.3177
187.50,236.5673
250.00,344.7949
312.50,314.5637
375.00,141.1452
437.50,131.7143
500.00,98.4125
airflow(m/s),3.29
clocktime,730734

0.00,1970.3559
62.50,719.6587
125.00,479.8291
187.50,455.1098
250.00,167.1193
312.50,117.9510
375.00,86.4481
437.50,121.2891
500.00,176.8850
airflow(m/s),3.15
clocktime,732567

0.00,403.8649
62.50,599.9203
125.00,293.1110
187.50,216.3817
250.00,122.2733
312.50,119.7106
375.00,87.2570
437.50,40.3682
500.00,74.4327
airflow(m/s),3.51
clocktime,734448

0.00,463.9452
62.50,577.6690
125.00,693.2523
187.50,272.9067
250.00,203.9078
312.50,182.8231
375.00,252.2984
437.50,116.7686
500.00,93.2086
airflow(m/s),3.29
clocktime,736281

0.00,2430.9709
62.50,628.2820
125.00,612.0905
187.50,349.3152
250.00,140.0146
312.50,390.0491
375.00,41.9422
437.50,207.8141
500.00,238.6705
airflow(m/s),3.98
clocktime,738162

0.00,3237.9032
62.50,1939.8887
125.00,1317.9241
187.50,957.0405
250.00,448.6179
312.50,174.1254
375.00,75.9668
437.50,66.7282
500.00,149.6426
airflow(m/s),2.95
clocktime,739995

0.00,488.5411
62.50,756.6764
125.00,293.1243
187.50,474.9239
250.00,381.0398
312.50,262.9894
375.00,21.2469
437.50,167.9385
500.00,144.0435
airflow(m/s),3.74
clocktime,741825

0.00,494.5698
62.50,1351.5424
125.00,495.8794
187.50,404.2857
250.00,336.5360
312.50,151.1189
375.00,239.9445
437.50,170.0804
500.00,98.4110
airflow(m/s),3.08
clocktime,743709

0.00,531.8758
62.50,402.5595
125.00,720.4610
187.50,271.8846
250.00,391.8760
312.50,274.9247
375.00,126.6882
437.50,100.9873
500.00,214.6182
airflow(m/s),3.01
clocktime,745540

0.00,573.3752
62.50,948.9251
125.00,345.9765
187.50,305.8618
250.00,342.1596
312.50,151.5228
375.00,148.3936
437.50,180.0345
500.00,175.9607
airflow(m/s),8.03
clocktime,747372

0.00,1041.7983
62.50,641.4584
125.00,514.2100
187.50,425.0557
250.00,123.7549
312.50,125.1661
375.00,82.5650
437.50,26.9033
500.00,128.0211
airflow(m/s),4.32
clocktime,749256

0.00,384.9450
62.50,242.7321
125.00,239.9027
187.50,268.7768
250.00,245.1756
312.50,81.7236
375.00,21.0847
437.50,76.1752
500.00,74.9809
airflow(m/s),4.86
clocktime,751084

0.00,2361.9592
62.50,453.1406
125.00,950.4425
187.50,491.8308
250.00,480.1127
312.50,110.7353
375.00,69.5451
437.50,117.6065
500.00,89.2491
airflow(m/s),3.74
clocktime,752967

0.00,1186.2906
62.50,1058.9753
125.00,241.6528
187.50,138.3418
250.00,146.6951
312.50,53.5967
375.00,157.1207
437.50,92.6675
500.00,49.9354
airflow(m/s),3.01
clocktime,754796

0.00,4691.6358
62.50,2503.8910
125.00,390.2906
187.50,226.4793
250.00,224.7007
312.50,148.4962
375.00,61.9616
437.50,198.9752
500.00,125.3223
airflow(m/s),4.15
clocktime,756631

0.00,2063.9652
62.50,1528.2765
125.00,985.2177
187.50,281.0567
250.00,218.3728
312.50,104.1833
375.00,248.5654
437.50,263.8004
500.00,143.7911
airflow(m/s),3.59
clocktime,758512

0.00,2751.2507
62.50,1810.2908
125.00,689.8556
187.50,395.8934
250.00,337.3926
312.50,222.5013
375.00,193.9661
437.50,164.4375
500.00,61.8306
airflow(m/s),3.98
clocktime,760346

0.00,3839.0001
62.50,2060.1429
125.00,792.6036
187.50,319.1786
250.00,182.4416
312.50,163.4740
375.00,160.5630
437.50,54.7685
500.00,53.3963
airflow(m/s),5.97
clocktime,762176

0.00,8712.2637
62.50,4221.8043
125.00,417.6875
187.50,534.5934
250.00,303.6951
312.50,153.7547
375.00,82.4499
437.50,181.1486
500.00,114.4392
airflow(m/s),6.54
clocktime,764061

0.00,4782.8066
62.50,3233.0226
125.00,990.1545
187.50,261.4919
250.00,136.5087
312.50,22.7623
375.00,123.0393
437.50,156.0512
500.00,172.0544
airflow(m/s),7.77
clocktime,765890

0.00,4805.7136
62.50,2621.1608
125.00,742.6145
187.50,351.3716
250.00,112.9305
312.50,37.1252
375.00,98.1780
437.50,120.7645
500.00,143.6955
airflow(m/s),6.31
clocktime,767726

0.00,1897.9643
62.50,1046.2990
125.00,603.2518
187.50,306.5538
250.00,41.3853
312.50,118.8871
375.00,63.2254
437.50,82.1996
500.00,220.7709
airflow(m/s),5.45
clocktime,769606

0.00,7043.9437
62.50,3434.6592
125.00,349.4492
187.50,272.6065
250.00,157.9776
312.50,148.4121
375.00,48.2223
437.50,163.0522
500.00,70.4218
airflow(m/s),7.13
clocktime,771439

0.00,5862.4082
62.50,3268.5339
125.00,707.4672
187.50,328.6970
250.00,562.0856
312.50,284.7345
375.00,74.5296
437.50,204.9631
500.00,162.7258
airflow(m/s),4.49
clocktime,773320

0.00,2441.7569
62.50,2169.2382
125.00,1027.4908
187.50,126.9099
250.00,211.2656
312.50,66.7456
375.00,237.1183
437.50,347.1705
500.00,100.5347
airflow(m/s),6.54
clocktime,775154

0.00,1418.3786
62.50,434.8493
125.00,379.5962
187.50,398.1393
250.00,117.1653
312.50,143.6216
375.00,210.2966
437.50,183.4904
500.00,110.9567
airflow(m/s),7.13
clocktime,776984

0.00,1601.5754
62.50,1633.4795
125.00,1187.3096
187.50,396.2330
250.00,180.8499
312.50,148.0690
375.00,77.0136
437.50,143.1315
500.00,162.6894
airflow(m/s),4.23
clocktime,778831

0.00,1738.9717
62.50,939.5067
125.00,211.0362
187.50,41.3379
250.00,365.7309
312.50,266.9491
375.00,109.0915
437.50,117.3322
500.00,125.3942
airflow(m/s),6.08
clocktime,780661

0.00,1567.1078
62.50,1059.3932
125.00,543.8495
187.50,161.9319
250.00,63.1459
312.50,181.4112
375.00,136.8055
437.50,244.7635
500.00,95.3007
airflow(m/s),4.86
clocktime,782495

0.00,612.5815
62.50,2231.2879
125.00,876.6982
187.50,232.0323
250.00,265.8615
312.50,53.2408
375.00,257.5409
437.50,292.4583
500.00,83.1557
airflow(m/s),3.51
clocktime,784376

0.00,988.9192
62.50,907.2191
125.00,359.7078
187.50,274.0867
250.00,253.2758
312.50,95.8779
375.00,101.3019
437.50,184.6480
500.00,250.1455
airflow(m/s),3.15
clocktime,786209

0.00,5380.9865
62.50,1982.7631
125.00,56.6743
187.50,472.4500
250.00,215.9689
312.50,149.9415
375.00,143.1424
437.50,6.6495
500.00,104.9238
airflow(m/s),4.32
clocktime,788090

0.00,2594.5541
62.50,1668.2088
125.00,232.3777
187.50,167.8979
250.00,188.0031
312.50,258.7276
375.00,28.7149
437.50,89.7155
500.00,30.1735
airflow(m/s),5.97
clocktime,789923

0.00,1553.4281
62.50,765.4339
125.00,643.5594
187.50,641.9232
250.00,337.4732
312.50,324.8417
375.00,156.5723
437.50,144.8948
500.00,281.0531
airflow(m/s),6.77
clocktime,791753

0.00,1607.0399
62.50,1785.2284
125.00,1508.7940
187.50,481.0639
250.00,271.6934
312.50,206.4686
375.00,85.2004
437.50,125.3569
500.00,213.2870
airflow(m/s),6.77
clocktime,793638

0.00,487.6262
62.50,220.0793
125.00,627.6283
187.50,572.8685
250.00,337.8240
312.50,163.1855
375.00,88.8911
437.50,97.6062
500.00,270.2110
airflow(m/s),7.64
clocktime,795468

0.00,2398.5045
62.50,1641.3599
125.00,470.2697
187.50,289.1898
250.00,130.2859
312.50,93.4024
375.00,130.8462
437.50,144.8444
500.00,64.4788
airflow(m/s),6.54
clocktime,797301

0.00,3104.8652
62.50,1200.5090
125.00,543.3695
187.50,283.2751
250.00,251.8244
312.50,186.9442
375.00,174.2472
437.50,45.2524
500.00,36.0665
airflow(m/s),5.76
clocktime,799183

0.00,230.9149
62.50,673.4701
125.00,374.8366
187.50,343.2516
250.00,587.7614
312.50,435.0242
375.00,73.6670
437.50,136.5692
500.00,48.6971
airflow(m/s),4.06
clocktime,801016

0.00,3001.2686
62.50,1943.2093
125.00,500.0705
187.50,430.1567
250.00,308.0394
312.50,100.2131
375.00,143.9866
437.50,70.6595
500.00,159.2895
airflow(m/s),3.22
clocktime,802847

0.00,1340.5435
62.50,421.1264
125.00,250.8337
187.50,245.1006
250.00,195.8309
312.50,120.1796
375.00,15.1097
437.50,137.0648
500.00,260.2463
airflow(m/s),4.77
clocktime,804730

0.00,3733.7299
62.50,1764.8024
125.00,196.6676
187.50,222.0922
250.00,62.0444
312.50,117.5446
375.00,47.4475
437.50,101.9962
500.00,89.2764
airflow(m/s),7.01
clocktime,806561

0.00,3750.3877
62.50,3066.8764
125.00,598.2648
187.50,436.3102
250.00,246.2765
312.50,433.2646
375.00,149.4175
437.50,165.1941
500.00,177.5705
airflow(m/s),6.77
clocktime,808445

0.00,5482.2276
62.50,3161.8719
125.00,431.6213
187.50,574.9971
250.00,451.1155
312.50,200.6687
375.00,67.6243
437.50,137.8528
500.00,177.9624
airflow(m/s),5.35
clocktime,810280

0.00,6671.0386
62.50,3346.7915
125.00,236.3944
187.50,240.0515
250.00,296.4861
312.50,189.6862
375.00,205.8757
437.50,319.4517
500.00,219.0126
airflow(m/s),4.15
clocktime,812109

0.00,1249.5610
62.50,905.5059
125.00,627.8584
187.50,420.1676
250.00,320.4412
312.50,77.3279
375.00,11.0756
437.50,61.7283
500.00,230.7127
airflow(m/s),3.29
clocktime,813994

0.00,1422.6658
62.50,1692.1652
125.00,1102.3399
187.50,272.9921
250.00,184.1306
312.50,162.9372
375.00,80.7286
437.50,71.4422
500.00,153.8091
airflow(m/s),3.44
clocktime,815824

0.00,85.6699
62.50,81.5828
125.00,315.8846
187.50,303.0962
250.00,297.8526
312.50,197.2233
375.00,34.5215
437.50,36.0841
500.00,121.8903
airflow(m/s),3.08
clocktime,817658

0.00,633.2479
62.50,1125.8750
125.00,284.2420
187.50,232.6447
250.00,181.6924
312.50,228.9510
375.00,113.2989
437.50,58.7373
500.00,112.9398
airflow(m/s),2.82
clocktime,819538

0.00,2654.1336
62.50,1247.7851
125.00,1089.9746
187.50,119.5006
250.00,270.0721
312.50,249.4666
375.00,191.3206
437.50,153.9509
500.00,181.1321
airflow(m/s),3.08
clocktime,821373

0.00,1452.1125
62.50,1142.3867
125.00,674.3671
187.50,435.0349
250.00,135.4118
312.50,79.1478
375.00,239.6890
437.50,199.7909
500.00,96.3681
airflow(m/s),4.41
clocktime,823253

0.00,3269.5317
62.50,755.5162
125.00,802.6051
187.50,133.8651
250.00,184.4352
312.50,224.4111
375.00,186.7145
437.50,209.8795
500.00,272.5771
airflow(m/s),5.05
clocktime,825087

0.00,574.2520
62.50,318.4551
125.00,157.8643
187.50,129.5231
250.00,143.0508
312.50,302.3624
375.00,375.1976
437.50,422.8562
500.00,273.9570
airflow(m/s),5.35
clocktime,826918

0.00,1221.9923
62.50,1316.1257
125.00,564.1236
187.50,341.5757
250.00,261.6790
312.50,147.3175
375.00,135.3619
437.50,148.1544
500.00,71.9727
airflow(m/s),5.45
clocktime,828764

0.00,1658.8972
62.50,1249.9981
125.00,282.1493
187.50,380.1072
250.00,285.2776
312.50,492.1905
375.00,337.8985
437.50,129.0325
500.00,170.4515
airflow(m/s),3.98
clocktime,830594

0.00,3002.3879
62.50,1599.6466
125.00,309.2526
187.50,138.1016
250.00,30.7511
312.50,20.5149
375.00,42.5276
437.50,60.8753
500.00,58.6978
airflow(m/s),3.22
clocktime,832428

0.00,742.7801
62.50,1065.6015
125.00,619.1738
187.50,358.7615
250.00,385.4311
312.50,91.3720
375.00,68.2979
437.50,106.1393
500.00,93.9402
airflow(m/s),2.82
clocktime,834309

0.00,16.4025
62.50,1317.9284
125.00,947.7462
187.50,462.0744
250.00,190.3248
312.50,244.8351
375.00,252.4556
437.50,197.1764
500.00,254.0196
airflow(m/s),2.88
clocktime,836142

0.00,1957.9824
62.50,1064.3869
125.00,671.0412
187.50,137.8703
250.00,188.1877
312.50,82.9544
375.00,29.4260
437.50,56.1364
500.00,113.4755
airflow(m/s),2.95
clocktime,838023

0.00,2259.6369
62.50,1651.3946
125.00,667.6116
187.50,485.6000
250.00,475.8563
312.50,141.7058
375.00,32.4744
437.50,162.1230
500.00,151.3959
airflow(m/s),2.95
clocktime,839856

0.00,635.8626
62.50,823.1916
125.00,572.0306
187.50,273.6198
250.00,254.5271
312.50,71.7291
375.00,167.2619
437.50,45.4890
500.00,141.1105
airflow(m/s),2.82
clocktime,841686

0.00,1382.4801
62.50,941.3241
125.00,107.0590
187.50,420.3391
250.00,210.0258
312.50,218.2249
375.00,122.5895
437.50,99.3983
500.00,98.1461
airflow(m/s),2.63
clocktime,843570

0.00,1685.1695
62.50,1614.2641
125.00,586.4138
187.50,93.9650
250.00,285.9752
312.50,159.6790
375.00,130.2389
437.50,159.7534
500.00,62.7169
airflow(m/s),4.86
clocktime,845400

0.00,455.2903
62.50,1162.4645
125.00,798.6122
187.50,201.1715
250.00,130.6506
312.50,51.0374
375.00,135.0968
437.50,198.3383
500.00,90.1275
airflow(m/s),3.08
clocktime,847234

0.00,882.3010
62.50,763.0398
125.00,249.9695
187.50,221.4790
250.00,258.4244
312.50,136.3470
375.00,172.8117
437.50,146.4649
500.00,75.6439
airflow(m/s),4.49
clocktime,849115

0.00,46.3657
62.50,633.6459
125.00,471.9282
187.50,204.3444
250.00,97.1753
312.50,114.1617
375.00,128.4699
437.50,150.2415
500.00,248.5028
airflow(m/s),2.88
clocktime,850948

0.00,511.9205
62.50,616.4400
125.00,227.7286
187.50,336.8340
250.00,203.9473
312.50,131.0774
375.00,147.4611
437.50,211.9720
500.00,104.9699
airflow(m/s),2.63
clocktime,852779

0.00,157.5462
62.50,242.0139
125.00,229.4891
187.50,353.8678
250.00,241.7198
312.50,173.0572
375.00,116.1751
437.50,259.9711
500.00,310.5848
airflow(m/s),2.45
clocktime,854663

0.00,647.9818
62.50,581.9158
125.00,124.5767
187.50,150.0693
250.00,141.3279
312.50,189.3449
375.00,73.6787
437.50,208.4273
500.00,47.0868
airflow(m/s),2.75
clocktime,856494

0.00,1050.3654
62.50,635.7674
125.00,518.5544
187.50,369.8725
250.00,200.0209
312.50,109.7935
375.00,109.2677
437.50,243.6023
500.00,215.1407
airflow(m/s),4.15
clocktime,858377

0.00,840.0434
62.50,674.1112
125.00,616.3552
187.50,250.8065
250.00,231.4165
312.50,186.9399
375.00,144.2987
437.50,184.6125
500.00,42.0054
airflow(m/s),3.15
clocktime,860208

0.00,2298.2210
62.50,298.0629
125.00,1159.4858
187.50,598.9648
250.00,52.6060
312.50,306.4007
375.00,155.7002
437.50,99.5454
500.00,139.0533
airflow(m/s),3.36
clocktime,862041

0.00,420.5353
62.50,343.4760
125.00,625.6218
187.50,625.4321
250.00,208.6900
312.50,110.0389
375.00,28.4173
437.50,196.9223
500.00,350.7170
airflow(m/s),3.44
clocktime,863925

0.00,1191.3783
62.50,1162.6675
125.00,862.0758
187.50,269.3546
250.00,178.2729
312.50,321.4985
375.00,181.6215
437.50,71.5719
500.00,96.1133
airflow(m/s),3.22
clocktime,865755

0.00,2349.5180
62.50,2293.0044
125.00,920.5470
187.50,305.1113
250.00,16.8841
312.50,15.5364
375.00,166.2858
437.50,121.2878
500.00,136.0487
airflow(m/s),4.67
clocktime,867589

0.00,334.7517
62.50,554.0568
125.00,283.8714
187.50,238.0576
250.00,365.2842
312.50,191.5844
375.00,164.6087
437.50,52.3247
500.00,55.7178
airflow(m/s),3.29
clocktime,869469

0.00,2204.5797
62.50,1430.3487
125.00,304.4690
187.50,211.9102
250.00,149.9432
312.50,137.9978
375.00,245.1840
437.50,444.7112
500.00,279.5987
airflow(m/s),3.66
clocktime,871303

0.00,4472.1297
62.50,3147.6841
125.00,972.5402
187.50,124.2852
250.00,194.4179
312.50,306.9387
375.00,116.6509
437.50,210.0463
500.00,366.2530
airflow(m/s),3.08
clocktime,873183

0.00,144.0260
62.50,516.7177
125.00,255.3285
187.50,31.8264
250.00,226.7677
312.50,121.8728
375.00,131.3821
437.50,161.6353
500.00,51.8853
airflow(m/s),2.88
clocktime,875017

0.00,644.7416
62.50,1105.6605
125.00,801.5120
187.50,270.9854
250.00,145.6430
312.50,243.4889
375.00,215.8793
437.50,198.9954
500.00,166.2854
airflow(m/s),3.44
clocktime,876847

0.00,1321.9564
62.50,1227.3530
125.00,807.5194
187.50,162.2495
250.00,184.4758
312.50,142.3470
375.00,102.3817
437.50,84.4821
500.00,188.7382
airflow(m/s),2.75
clocktime,878731

0.00,2998.9692
62.50,844.0553
125.00,684.0607
187.50,364.9504
250.00,230.9275
312.50,148.9952
375.00,82.7655
437.50,60.5573
500.00,62.5349
airflow(m/s),3.22
clocktime,880561

0.00,911.5213
62.50,557.9506
125.00,534.7275
187.50,497.9112
250.00,281.3965
312.50,227.3994
375.00,213.1416
437.50,198.4541
500.00,143.4205
airflow(m/s),3.44
clocktime,882395

0.00,2486.3718
62.50,1336.0932
125.00,697.5227
187.50,390.5067
250.00,326.2722
312.50,357.3800
375.00,316.5626
437.50,282.0901
500.00,120.4611
airflow(m/s),3.15
clocktime,884277

0.00,734.0194
62.50,880.8787
125.00,44.9803
187.50,340.4167
250.00,192.3847
312.50,73.2351
375.00,58.1450
437.50,227.7936
500.00,209.0713
airflow(m/s),3.44
clocktime,886110

0.00,1134.6447
62.50,365.3997
125.00,500.1928
187.50,296.8732
250.00,299.4585
312.50,225.1647
375.00,143.0411
437.50,19.0000
500.00,200.9701
airflow(m/s),3.08
clocktime,887940

0.00,4619.3523
62.50,2369.5904
125.00,368.2614
187.50,318.5791
250.00,385.2486
312.50,221.7099
375.00,59.1732
437.50,181.4057
500.00,286.8107
airflow(m/s),3.29
clocktime,889824

0.00,4164.6315
62.50,2352.6550
125.00,499.4315
187.50,176.8486
250.00,66.5334
312.50,109.2817
375.00,143.3382
437.50,57.6689
500.00,122.1421
airflow(m/s),3.51
clocktime,891654

0.00,1677.5890
62.50,1000.9728
125.00,64.7019
187.50,270.8084
250.00,49.3996
312.50,72.7799
375.00,153.1699
437.50,108.9813
500.00,57.7767
airflow(m/s),2.95
clocktime,893539

0.00,2410.2178
62.50,1609.8214
125.00,698.5784
187.50,318.4881
250.00,141.6256
312.50,173.7080
375.00,265.6890
437.50,222.8589
500.00,170.6726
airflow(m/s),4.41
clocktime,895369

0.00,3797.1119
62.50,1789.6048
125.00,521.2444
187.50,271.6944
250.00,207.7608
312.50,262.4023
375.00,217.6042
437.50,233.2659
500.00,264.3404
airflow(m/s),3.08
clocktime,897203

0.00,5315.8851
62.50,2705.8071
125.00,494.9347
187.50,444.8637
250.00,124.0614
312.50,129.3025
375.00,45.9427
437.50,119.1467
500.00,94.9985
airflow(m/s),3.59
clocktime,899085

0.00,603.0257
62.50,391.9535
125.00,423.7960
187.50,186.3694
250.00,39.4523
312.50,31.4081
375.00,102.8480
437.50,207.1191
500.00,32.9727
airflow(m/s),4.32
clocktime,900917

0.00,1893.8492
62.50,1126.5756
125.00,483.0733
187.50,222.1192
250.00,119.1359
312.50,94.8155
375.00,121.2906
437.50,120.7002
500.00,190.1026
airflow(m/s),3.66
clocktime,902749

0.00,376.6656
62.50,868.5687
125.00,58.4915
187.50,318.0931
250.00,184.8886
312.50,407.7756
375.00,406.8145
437.50,113.0392
500.00,181.2220
airflow(m/s),3.98
clocktime,904633

0.00,1974.1848
62.50,1809.1059
125.00,1037.9684
187.50,399.1892
250.00,303.3672
312.50,297.2531
375.00,202.7270
437.50,312.3875
500.00,128.9477
airflow(m/s),3.44
clocktime,906464

0.00,1376.0534
62.50,662.6938
125.00,223.1300
187.50,168.4898
250.00,96.0041
312.50,112.7651
375.00,164.3843
437.50,415.6155
500.00,199.0343
airflow(m/s),3.36
clocktime,908347

0.00,2427.4959
62.50,967.0326
125.00,555.5488
187.50,343.7172
250.00,216.6236
312.50,279.5654
375.00,327.2910
437.50,137.2078
500.00,72.9824
airflow(m/s),5.97
clocktime,910179

0.00,220.3220
62.50,1250.8795
125.00,476.4243
187.50,493.5105
250.00,319.8104
312.50,44.1234
375.00,202.9754
437.50,310.4359
500.00,375.0328
airflow(m/s),4.41
clocktime,912009

0.00,1237.8664
62.50,1929.8182
125.00,953.2300
187.50,169.1025
250.00,80.7251
312.50,28.3125
375.00,177.0017
437.50,87.1807
500.00,231.4283
airflow(m/s),6.65
clocktime,913894

0.00,3536.9539
62.50,2282.4345
125.00,679.7703
187.50,518.8335
250.00,107.2214
312.50,31.7977
375.00,132.9458
437.50,184.7660
500.00,94.3757
airflow(m/s),6.65
clocktime,915724

0.00,53183.5088
62.50,23401.4225
125.00,777.5222
187.50,163.8885
250.00,92.5774
312.50,191.6576
375.00,103.2476
437.50,33.4765
500.00,63.7568
airflow(m/s),21.08
clocktime,2349

0.00,6742.8872
62.50,3695.6632
125.00,658.4740
187.50,95.1725
250.00,404.8716
312.50,107.3150
375.00,252.6434
437.50,126.2001
500.00,31.5242
airflow(m/s),13.76
clocktime,4219

0.00,371.9417
62.50,727.1501
125.00,652.3604
187.50,23.5461
250.00,55.3048
312.50,35.7471
375.00,25.4559
437.50,34.0284
500.00,88.4032
airflow(m/s),6.31
clocktime,6079

0.00,2006.3547
62.50,1753.5451
125.00,618.4271
187.50,109.8531
250.00,213.7668
312.50,182.9618
375.00,63.9163
437.50,102.3950
500.00,49.4670
airflow(m/s),5.25
clocktime,7932

0.00,88.5255
62.50,558.5402
125.00,667.1466
187.50,213.2858
250.00,39.7136
312.50,131.7831
375.00,136.1560
437.50,70.7958
500.00,43.2855
airflow(m/s),4.77
clocktime,9843

0.00,2526.2883
62.50,1263.8189
125.00,204.7693
187.50,168.8554
250.00,128.8056
312.50,16.9207
375.00,142.7901
437.50,143.8157
500.00,104.1686
airflow(m/s),4.32
clocktime,11698