0.00,62997.4405
62.50,27144.8022
125.00,200.6097
187.50,174.9460
250.00,155.6979
312.50,36.4711
375.00,76.7982
437.50,23.0663
500.00,21.1496
562.50,29.9702
625.00,51.3027
687.50,24.7287
750.00,31.2389
812.50,24.5124
875.00,25.9379
937.50,7.7049
1000.00,20.6467
1062.50,15.7912
1125.00,22.1300
1187.50,20.6657
1250.00,14.8000
1312.50,11.3331
1375.00,9.2298
1437.50,11.6199
1500.00,3.5642
1562.50,9.9901
1625.00,11.7030
1687.50,6.5713
1750.00,13.5683
1812.50,7.2949
1875.00,9.5969
1937.50,10.0754
2000.00,3.2419
2062.50,12.6756
2125.00,0.6765
2187.50,7.3914
2250.00,6.1434
2312.50,6.5249
2375.00,2.7194
2437.50,7.4650
2500.00,4.1068
2562.50,3.5912
2625.00,11.2630
2687.50,4.7919
2750.00,6.9751
2812.50,4.8521
2875.00,14.8940
2937.50,11.5787
3000.00,8.1265
3062.50,1.0533
3125.00,9.4333
3187.50,5.4825
3250.00,8.4494
3312.50,9.1165
3375.00,3.5769
3437.50,4.7087
3500.00,4.0721
3562.50,10.8121
3625.00,4.7090
3687.50,7.0070
3750.00,7.0226
3812.50,6.7632
3875.00,15.5119
0.00,66788.9237
62.50,28397.7509
125.00,513.6161
187.50,203.2612
250.00,237.4937
312.50,112.7378
375.00,113.3450
437.50,79.6847
500.00,48.3036
562.50,26.0161
625.00,7.1809
687.50,29.6658
750.00,15.1111
812.50,20.7668
875.00,10.1749
937.50,21.5464
1000.00,14.1479
1062.50,15.1172
1125.00,9.7427
1187.50,7.4669
1250.00,6.7728
1312.50,15.9177
1375.00,3.2928
1437.50,7.0781
1500.00,7.5749
1562.50,5.9720
1625.00,11.4924
1687.50,5.8243
1750.00,6.7775
1812.50,10.6580
1875.00,5.7230
1937.50,1.6162
2000.00,8.1471
2062.50,4.1665
2125.00,6.3927
2187.50,10.9979
2250.00,5.6092
2312.50,8.1029
2375.00,5.9967
2437.50,4.8083
2500.00,4.2067
2562.50,0.4667
2625.00,5.6309
2687.50,5.4799
2750.00,10.0729
2812.50,8.0867
2875.00,2.2566
2937.50,2.4972
3000.00,2.4972
3062.50,3.4791
3125.00,5.2071
3187.50,14.4745
3250.00,11.5788
3312.50,6.5343
3375.00,7.4831
3437.50,7.2848
3500.00,3.6709
3562.50,2.3082
3625.00,0.9480
3687.50,3.5651
3750.00,1.8574
3812.50,6.6091
3875.00,3.3312
3937.50,8.6702
4000.00,4.8962
4062.50,6.0034
4125.00,2.8582
4187.50,8.3439
4250.00,7.5114
4312.50,4.6606
4375.00,1.8158
4437.50,7.0054
4500.00,7.5404
4562.50,5.2433
4625.00,2.3012
4687.50,1.5773
4750.00,3.4431
4812.50,7.2492
4875.00,11.4482
4937.50,3.8621
5000.00,5.5015
5062.50,6.6692
5125.00,4.6866
5187.50,7.5952
5250.00,1.0420
5312.50,2.7280
5375.00,6.3159
5437.50,3.1703
5500.00,6.0927
5562.50,8.7511
5625.00,5.5636
5687.50,8.1099
5750.00,8.4698
5812.50,5.4015
5875.00,1.3764
5937.50,7.7949
6000.00,6.3908
6062.50,2.9292
6125.00,5.6275
6187.50,5.3273
6250.00,6.8089
6312.50,8.4437
6375.00,6.0868
6437.50,11.4062
6500.00,11.2489
6562.50,0.7098
6625.00,5.8384
6687.50,4.8196
6750.00,7.3671
6812.50,1.6275
6875.00,8.0826
6937.50,5.1110
7000.00,4.1087
7062.50,10.4298
7125.00,3.6686
7187.50,7.0991
7250.00,6.1161
7312.50,5.1714
7375.00,1.7671
7437.50,6.0631
7500.00,2.0698
7562.50,5.3880
7625.00,4.5761
7687.50,4.5570
7750.00,1.4011
7812.50,6.0317
7875.00,4.9583
7937.50,2.7247
airflow(m/s),5.35
clocktime,24965

0.00,2409.3767
62.50,1034.6271
125.00,408.0062
187.50,104.0177
250.00,98.9316
312.50,35.6132
375.00,43.9587
437.50,55.1222
500.00,48.0806
562.50,12.6070
625.00,33.2332
687.50,35.5500
750.00,33.5034
812.50,40.8255
875.00,17.7667
937.50,17.3604
1000.00,8.8197
1062.50,19.0916
1125.00,24.6610
1187.50,13.6752
1250.00,7.7113
1312.50,8.2526
1375.00,11.3719
1437.50,10.4123
1500.00,7.6870
1562.50,7.8652
1625.00,15.4000
1687.50,14.5032
1750.00,5.4120
1812.50,7.1770
1875.00,6.4452
1937.50,13.1823
2000.00,5.6698
2062.50,6.9520
2125.00,5.7864
2187.50,4.7229
2250.00,5.6559
2312.50,5.0958
2375.00,6.6548
2437.50,3.2191
2500.00,5.0532
2562.50,8.9355
2625.00,3.8389
2687.50,3.2804
2750.00,7.0750
2812.50,4.9189
2875.00,3.6608
2937.50,1.9904
3000.00,4.0607
3062.50,1.8833
3125.00,4.3754
3187.50,6.9458
3250.00,6.0972
3312.50,1.5119
3375.00,0.5205
3437.50,1.5705
3500.00,1.4981
3562.50,5.4048
3625.00,8.6989
3687.50,6.8356
3750.00,6.7885
3812.50,5.4956
3875.00,6.0090
3937.50,5.0351
4000.00,2.3675
4062.50,2.2045
4125.00,3.7269
4187.50,4.0018
4250.00,0.7812
4312.50,6.4671
4375.00,3.9907
4437.50,4.3843
4500.00,5.9108
4562.50,3.2469
4625.00,1.5529
4687.50,5.1259
4750.00,12.2874
4812.50,9.1614
4875.00,3.3946
4937.50,5.0460
5000.00,10.4895
5062.50,7.4504
5125.00,3.5251
5187.50,3.5337
5250.00,7.1397
5312.50,4.4603
5375.00,2.8537
5437.50,6.0073
5500.00,1.9321
5562.50,2.4101
5625.00,2.2445
5687.50,4.5314
5750.00,5.3720
5812.50,0.7104
5875.00,3.6771
5937.50,1.9756
6000.00,5.7839
6062.50,7.9411
6125.00,3.9051
6187.50,0.3063
6250.00,6.2480
6312.50,7.1827
6375.00,1.1098
6437.50,3.7283
6500.00,0.5394
6562.50,3.4119
6625.00,0.3328
6687.50,3.8124
6750.00,7.7219
6812.50,8.6588
6875.00,6.1429
6937.50,2.3145
7000.00,2.5302
7062.50,0.3860
7125.00,0.4303
7187.50,6.0265
7250.00,0.5214
7312.50,2.5043
7375.00,3.0535
7437.50,3.8340
7500.00,3.7578
7562.50,6.3945
7625.00,9.4550
7687.50,5.8780
7750.00,1.9851
7812.50,2.4195
7875.00,0.9898
7937.50,2.3535
airflow(m/s),5.65
clocktime,49800

0.00,1532.2889
62.50,1081.7940
125.00,557.4910
187.50,283.0029
250.00,154.5802
312.50,57.5514
375.00,78.1176
437.50,56.2571
500.00,24.8336
562.50,11.4016
625.00,8.1257
687.50,16.3821
750.00,30.9992
812.50,42.4906
875.00,27.6976
937.50,11.0113
1000.00,19.7179
1062.50,19.0821
1125.00,14.0109
1187.50,13.1427
1250.00,12.1882
1312.50,13.4996
1375.00,13.9050
1437.50,9.1272
1500.00,1.0107
1562.50,3.1784
1625.00,5.7137
1687.50,11.1995
1750.00,9.0988
1812.50,6.7658
1875.00,5.1002
1937.50,4.4468
2000.00,10.1988
2062.50,8.3151
2125.00,6.1581
2187.50,7.6047
2250.00,6.7197
2312.50,4.2259
2375.00,5.7046
2437.50,2.3254
2500.00,5.5956
2562.50,7.9275
2625.00,2.0475
2687.50,6.4763
2750.00,6.0905
2812.50,6.6895
2875.00,5.3821
2937.50,6.5638
3000.00,2.5490
3062.50,5.0995
3125.00,6.8189
3187.50,7.4575
3250.00,3.3697
3312.50,5.8970
3375.00,7.4183
3437.50,5.3978
3500.00,6.4414
3562.50,6.4568
3625.00,1.5700
3687.50,6.2155
3750.00,9.1926
3812.50,4.9099
3875.00,3.3485
3937.50,7.4406
4000.00,3.3229
4062.50,4.1194
4125.00,8.8665
4187.50,8.0564
4250.00,4.2098
4312.50,4.7777
4375.00,4.7711
4437.50,3.5795
4500.00,2.6805
4562.50,6.2917
4625.00,5.7069
4687.50,5.9767
4750.00,4.0810
4812.50,8.0916
4875.00,5.1906
4937.50,2.8616
5000.00,2.8412
5062.50,2.2900
5125.00,1.9950
5187.50,3.7061
5250.00,4.0240
5312.50,1.8416
5375.00,1.7683
5437.50,3.5816
5500.00,6.7056
5562.50,3.4976
5625.00,4.4601
5687.50,4.9988
5750.00,2.8733
5812.50,0.9433
5875.00,5.8328
5937.50,6.9550
6000.00,3.6013
6062.50,2.1685
6125.00,6.7652
0.00,60867.2202
62.50,25842.8853
125.00,232.5303
187.50,119.0966
250.00,134.3934
312.50,43.3934
375.00,51.2444
437.50,42.7476
500.00,39.6189
562.50,38.7268
625.00,22.9515
687.50,31.4969
750.00,21.1149
812.50,54.6820
875.00,36.4301
937.50,29.7788
1000.00,14.2058
1062.50,10.8365
1125.00,15.0983
1187.50,11.6402
1250.00,7.1926
1312.50,2.8137
1375.00,2.8746
1437.50,6.5887
1500.00,7.6076
1562.50,5.4980
1625.00,11.6902
1687.50,5.4997
1750.00,12.8395
1812.50,7.7843
1875.00,7.9088
1937.50,11.7072
2000.00,15.9101
2062.50,5.4704
2125.00,11.8373
2187.50,3.7932
2250.00,6.3258
2312.50,10.6369
2375.00,10.8931
2437.50,6.1384
2500.00,6.4473
2562.50,7.0313
2625.00,11.3700
2687.50,4.0996
2750.00,7.9781
2812.50,10.7232
2875.00,1.8739
2937.50,5.4950
3000.00,7.0701
3062.50,7.9119
3125.00,3.8942
3187.50,13.1512
3250.00,12.5414
3312.50,4.2347
3375.00,2.4338
3437.50,3.1024
3500.00,9.5310
3562.50,7.8891
3625.00,5.1452
3687.50,10.5538
3750.00,8.7229
3812.50,5.1306
3875.00,7.8242
3937.50,1.9106
4000.00,6.0668
4062.50,8.5072
4125.00,2.7087
4187.50,2.9545
4250.00,7.9928
4312.50,9.4303
4375.00,7.1310
4437.50,4.1961
4500.00,4.7731
4562.50,5.1209
4625.00,7.0919
4687.50,4.4651
4750.00,9.3088
4812.50,7.2521
4875.00,4.6258
4937.50,8.2400
5000.00,11.7891
5062.50,9.7628
5125.00,8.5375
5187.50,9.9858
5250.00,10.0284
5312.50,2.1005
5375.00,5.7297
5437.50,5.4644
5500.00,5.7435
5562.50,4.5192
5625.00,5.0412
5687.50,7.9142
5750.00,4.5912
5812.50,6.0264
5875.00,7.0464
5937.50,5.9316
6000.00,1.6794
6062.50,9.4472
6125.00,11.7049
6187.50,4.0549
6250.00,2.2065
6312.50,2.2133
6375.00,7.6798
6437.50,10.8241
6500.00,3.4665
6562.50,4.1984
6625.00,5.9028
6687.50,8.0333
6750.00,2.6378
6812.50,6.2382
6875.00,3.3361
6937.50,2.2845
7000.00,7.3819
7062.50,13.9324
7125.00,7.6551
7187.50,1.0467
7250.00,1.1450
7312.50,4.7269
7375.00,10.8055
7437.50,7.5389
7500.00,7.9697
7562.50,4.7775
7625.00,5.2965
7687.50,4.8538
7750.00,6.1772
7812.50,8.5814
7875.00,5.3346
7937.50,5.4141
airflow(m/s),13.96
clocktime,24995

0.00,8274.5872
62.50,3481.7580
125.00,68.7371
187.50,112.1219
250.00,92.0133
312.50,13.3807
375.00,26.7539
437.50,21.6084
500.00,32.6296
562.50,20.9358
625.00,14.6930
687.50,11.5557
750.00,10.0230
812.50,7.5139
875.00,9.0224
937.50,9.9499
1000.00,13.5853
1062.50,6.6720
1125.00,5.9893
1187.50,17.6156
1250.00,7.7250
1312.50,15.1324
1375.00,14.8697
1437.50,7.4246
1500.00,7.7263
1562.50,8.3800
1625.00,6.3461
1687.50,3.0716
1750.00,20.5011
1812.50,14.1469
1875.00,10.7747
1937.50,3.9125
2000.00,2.5050
2062.50,4.3241
2125.00,7.4493
2187.50,13.3743
2250.00,11.9791
2312.50,7.0068
2375.00,6.9854
2437.50,9.4831
2500.00,4.7454
2562.50,7.2863
2625.00,7.4297
2687.50,4.3128
2750.00,2.6224
2812.50,1.7080
2875.00,6.0789
2937.50,6.3501
3000.00,2.8244
3062.50,5.9011
3125.00,5.5862
3187.50,8.5188
3250.00,14.4868
3312.50,14.0929
3375.00,8.2467
3437.50,6.5302
3500.00,10.3568
3562.50,12.9077
3625.00,7.9467
3687.50,7.1538
3750.00,4.3928
3812.50,9.1063
3875.00,6.2090
3937.50,2.9362
4000.00,1.6440
4062.50,6.4875
4125.00,6.1345
4187.50,11.6075
4250.00,11.2238
4312.50,3.3379
4375.00,2.8528
4437.50,4.9358
4500.00,3.4949
4562.50,0.7837
4625.00,3.0358
4687.50,8.0176
4750.00,12.4823
4812.50,18.4053
4875.00,8.3799
4937.50,0.1802
5000.00,3.5525
5062.50,2.4706
5125.00,7.6552
5187.50,10.0909
5250.00,3.4862
5312.50,9.0725
5375.00,13.0115
5437.50,5.1614
5500.00,2.7599
5562.50,9.0752
5625.00,10.0556
5687.50,1.4615
5750.00,7.9706
5812.50,10.1987
5875.00,13.3698
5937.50,7.3652
6000.00,10.7390
6062.50,7.1941
6125.00,3.2521
6187.50,6.5253
6250.00,9.3317
6312.50,10.8516
6375.00,6.0102
6437.50,4.1159
6500.00,8.1332
6562.50,6.7170
6625.00,4.2869
6687.50,5.3632
6750.00,7.8529
6812.50,9.8137
6875.00,7.7442
6937.50,6.1002
7000.00,5.0070
7062.50,0.5443
7125.00,5.8632
7187.50,5.8185
7250.00,6.3641
7312.50,6.6629
7375.00,5.2772
7437.50,1.7918
7500.00,5.9897
7562.50,4.1794
7625.00,6.8205
7687.50,4.7980
7750.00,3.8025
7812.50,5.9185
7875.00,4.1020
7937.50,3.4629
airflow(m/s),5.87
clocktime,50119