0.00,66208.6800
62.50,28540.6397
125.00,469.0300
187.50,390.0343
250.00,430.6800
312.50,417.2857
375.00,130.9582
437.50,111.9707
500.00,134.7862
562.50,127.3352
625.00,77.4801
687.50,170.1991
750.00,61.5820
812.50,114.0523
875.00,123.7853
937.50,77.4883
1000.00,19.6644
1062.50,29.6905
1125.00,40.2608
1187.50,59.0347
1250.00,84.0880
1312.50,34.9490
1375.00,43.9022
1437.50,26.0743
1500.00,5.1972
1562.50,17.0249
1625.00,21.5116
1687.50,7.4869
1750.00,9.2732
1812.50,14.1540
1875.00,11.7978
1937.50,18.7793
2000.00,5.5569
2062.50,13.7135
2125.00,9.6712
2187.50,1.8675
2250.00,12.6283
2312.50,4.9444
2375.00,9.7178
2437.50,15.3094
2500.00,6.6296
2562.50,12.4577
2625.00,10.0826
2687.50,8.4728
2750.00,13.5798
2812.50,13.0023
2875.00,7.1103
2937.50,16.5805
3000.00,2.1603
3062.50,10.2337
3125.00,6.4267
3187.50,9.3547
3250.00,6.4772
3312.50,6.8159
3375.00,6.5960
3437.50,18.1505
3500.00,4.5566
3562.50,18.8284
3625.00,14.7910
3687.50,12.1006
3750.00,5.8190
3812.50,16.5220
3875.00,7.1896
3937.50,6.1830
4000.00,10.4804
4062.50,0.9649
4125.00,5.1387
4187.50,9.0434
4250.00,11.0131
4312.50,12.6078
4375.00,9.2535
4437.50,7.9892
4500.00,14.0671
4562.50,4.4643
4625.00,9.0645
4687.50,4.8398
4750.00,2.8272
4812.50,6.7448
4875.00,5.3152
4937.50,2.4517
5000.00,7.8865
5062.50,8.7963
5125.00,4.4597
5187.50,4.3026
5250.00,5.0278
5312.50,12.7570
5375.00,10.9624
5437.50,5.6348
5500.00,5.4378
5562.50,11.5907
5625.00,8.7136
5687.50,5.0714
5750.00,5.7156
5812.50,4.2184
5875.00,6.2969
5937.50,7.6419
6000.00,2.3492
6062.50,7.5212
6125.00,6.7781
6187.50,1.4935
6250.00,8.0136
6312.50,2.5238
6375.00,9.5651
6437.50,9.9254
6500.00,10.7137
6562.50,7.2550
6625.00,7.1728
6687.50,5.8172
6750.00,4.0196
6812.50,6.4938
6875.00,5.4393
6937.50,3.5696
7000.00,4.3414
7062.50,5.1614
7125.00,8.0346
7187.50,4.5303
7250.00,5.6723
7312.50,3.4575
7375.00,6.7272
7437.50,8.5017
7500.00,5.3238
7562.50,2.6741
7625.00,2.5050
7687.50,5.1336
7750.00,4.1231
7812.50,4.4628
7875.00,6.2896
7937.50,4.4277
airflow(m/s),6.42
clocktime,31039

0.00,3952.3969
62.50,1683.2753
125.00,808.1390
187.50,511.2568
250.00,447.4358
312.50,314.1898
375.00,223.8079
437.50,323.2371
500.00,259.1372
562.50,154.1336
625.00,217.8289
687.50,104.7585
750.00,34.9155
812.50,62.0426
875.00,78.1971
937.50,67.0467
1000.00,90.1433
1062.50,61.1190
1125.00,67.8645
1187.50,88.2982
1250.00,131.3836
1312.50,109.1257
1375.00,86.7194
1437.50,48.3583
1500.00,91.8205
1562.50,101.3198
1625.00,86.1692
1687.50,79.7234
1750.00,46.4360
1812.50,53.5722
1875.00,56.5380
1937.50,59.2585
2000.00,47.2663
2062.50,10.3758
2125.00,28.7377
2187.50,9.4392
2250.00,36.8832
2312.50,35.4201
2375.00,23.4151
2437.50,19.6973
2500.00,36.5005
2562.50,14.1629
2625.00,8.4101
2687.50,6.3465
2750.00,1.0683
2812.50,3.1818
2875.00,14.6549
2937.50,21.4647
3000.00,26.5807
3062.50,8.5049
3125.00,19.8335
3187.50,17.2026
3250.00,10.4683
3312.50,27.0684
3375.00,28.9916
3437.50,10.4096
3500.00,19.0950
3562.50,14.0410
3625.00,6.2466
3687.50,25.2625
3750.00,13.3084
3812.50,14.6106
3875.00,21.6892
3937.50,24.6108
4000.00,16.2429
4062.50,5.5204
4125.00,11.7851
4187.50,8.8689
4250.00,13.4353
4312.50,9.5163
4375.00,13.0126
4437.50,7.5099
4500.00,15.9540
4562.50,15.7822
4625.00,3.4639
4687.50,18.9130
4750.00,6.9117
4812.50,5.8094
4875.00,7.5758
4937.50,3.5930
5000.00,3.2714
5062.50,3.5005
5125.00,6.0898
5187.50,2.9578
5250.00,6.0350
5312.50,6.8333
5375.00,3.4640
5437.50,9.2743
5500.00,14.5911
5562.50,16.6891
5625.00,16.6324
5687.50,15.2170
5750.00,18.6349
5812.50,16.6997
5875.00,2.3768
5937.50,12.6433
6000.00,12.4644
6062.50,11.6924
6125.00,8.4381
6187.50,7.7474
6250.00,8.2023
6312.50,14.8713
6375.00,5.5589
6437.50,10.6625
6500.00,16.7396
6562.50,10.6842
6625.00,11.0390
6687.50,11.6558
6750.00,9.5906
6812.50,21.2882
6875.00,24.5125
6937.50,17.9885
7000.00,11.0543
7062.50,8.5797
7125.00,18.7792
7187.50,16.0728
7250.00,8.7217
7312.50,3.1831
7375.00,3.2240
7437.50,3.2393
7500.00,3.7735
7562.50,4.0107
7625.00,3.0532
7687.50,8.8969
7750.00,4.1168
7812.50,3.8906
7875.00,5.7342
7937.50,6.1794
airflow(m/s),9.91
clocktime,52649

0.00,795.7331
62.50,1488.3775
125.00,475.5137
187.50,448.4503
250.00,259.6298
312.50,162.4740
375.00,64.0951
437.50,118.3892
500.00,172.4965
562.50,51.7604
625.00,83.0223
687.50,107.1281
750.00,51.5043
812.50,36.3203
875.00,63.6208
937.50,64.3863
1000.00,31.2235
1062.50,31.6744
1125.00,27.5738
1187.50,35.7896
1250.00,50.1401
1312.50,17.3704
1375.00,22.6631
1437.50,30.9260
1500.00,20.2621
1562.50,17.1165
1625.00,11.2450
1687.50,11.6205
1750.00,10.6039
1812.50,8.2559
1875.00,9.0670
1937.50,12.6878
2000.00,17.7535
2062.50,9.2239
2125.00,8.9764
2187.50,14.0625
2250.00,0.7407
2312.50,17.2190
2375.00,19.2336
2437.50,7.4558
2500.00,9.1851
2562.50,6.2231
2625.00,14.8481
2687.50,26.5402
2750.00,23.8720
2812.50,17.1787
2875.00,16.9752
2937.50,11.8096
3000.00,12.4050
3062.50,14.8967
3125.00,17.7066
3187.50,9.0408
3250.00,6.0376
3312.50,7.6597
3375.00,11.4066
3437.50,15.0072
3500.00,10.8724
3562.50,12.9124
3625.00,9.5047
3687.50,9.4478
3750.00,7.3660
3812.50,14.4628
3875.00,11.1086
3937.50,7.0808
4000.00,2.8695
4062.50,2.6993
4125.00,10.1960
4187.50,1.0056
4250.00,4.0204
4312.50,2.3776
4375.00,1.3131
4437.50,7.4012
4500.00,14.0345
4562.50,8.4315
4625.00,3.0047
4687.50,11.3131
4750.00,11.6201
4812.50,10.0291
4875.00,2.6086
4937.50,3.3598
5000.00,7.5522
5062.50,4.4750
5125.00,2.5162
5187.50,2.4426
5250.00,4.4188
5312.50,4.8561
5375.00,4.5947
5437.50,7.6015
5500.00,10.5687
5562.50,4.9919
5625.00,3.8472
5687.50,7.2165
5750.00,5.7838
5812.50,4.0528
5875.00,3.8139
5937.50,12.1616
6000.00,14.4997
6062.50,9.9647
6125.00,6.5424
6187.50,6.2747
6250.00,5.0716
6312.50,8.7492
6375.00,7.6874
6437.50,11.8298
6500.00,10.2800
6562.50,6.8517
6625.00,9.1711
6687.50,6.0172
6750.00,3.9627
6812.50,3.9841
6875.00,2.9849
6937.50,3.4502
7000.00,10.8465
7062.50,13.8735
7125.00,13.3302
7187.50,8.8903
7250.00,12.5376
7312.50,9.2075
7375.00,2.5149
7437.50,4.4494
7500.00,5.9461
7562.50,7.3374
7625.00,3.9283
7687.50,2.3289
7750.00,3.0716
7812.50,1.4208
7875.00,0.5292
7937.50,0.4590
airflow(m/s),6.54
clocktime,74516

0.00,409.6264
62.50,737.2757
125.00,152.0293
187.50,325.7430
250.00,290.6209
312.50,278.7180
375.00,221.5915
437.50,57.5139
500.00,114.5786
562.50,100.8617
625.00,77.4931
687.50,50.9021
750.00,164.3414
812.50,245.0916
875.00,103.7952
937.50,38.3314
1000.00,47.7233
1062.50,37.0454
1125.00,37.8906
1187.50,13.7671
1250.00,19.4143
1312.50,12.5657
1375.00,19.0442
1437.50,2.2145
1500.00,6.4801
1562.50,7.0684
1625.00,5.7210
1687.50,11.9408
1750.00,19.1524
1812.50,9.1534
1875.00,9.6369
1937.50,22.8571
2000.00,9.5047
2062.50,13.0525
2125.00,11.6857
2187.50,13.9825
2250.00,3.9328
2312.50,0.9924
2375.00,6.4663
2437.50,4.6031
2500.00,8.9771
2562.50,6.4688
2625.00,7.6260
2687.50,11.7414
2750.00,8.0815
2812.50,10.6795
2875.00,8.0168
2937.50,1.4666
3000.00,7.5516
3062.50,5.0226
3125.00,5.6124
3187.50,12.5993
3250.00,11.2177
3312.50,7.7934
3375.00,6.1180
3437.50,4.9204
3500.00,2.7243
3562.50,3.5694
3625.00,0.4532
3687.50,8.2123
3750.00,3.4758
3812.50,7.1636
3875.00,1.8991
3937.50,3.0766
4000.00,7.7754
4062.50,8.7043
4125.00,13.7156
4187.50,9.1458
4250.00,2.2715
4312.50,5.7227
4375.00,8.9286
4437.50,10.5735
4500.00,7.7064
4562.50,4.4805
4625.00,14.0382
4687.50,16.4735
4750.00,16.0808
4812.50,5.4748
4875.00,10.5474
4937.50,8.2049
5000.00,7.6675
5062.50,10.1732
5125.00,11.3417
5187.50,1.3485
5250.00,1.9840
5312.50,4.0757
5375.00,8.5404
5437.50,11.9183
5500.00,4.8384
5562.50,5.8103
5625.00,4.0374
5687.50,4.4467
5750.00,6.0517
5812.50,7.0617
5875.00,6.4577
5937.50,3.6994
6000.00,14.4167
6062.50,9.4943
6125.00,6.1100
6187.50,4.4135
6250.00,4.5659
6312.50,5.6365
6375.00,6.7710
6437.50,7.3079
6500.00,4.6178
6562.50,7.5738
6625.00,3.2524
6687.50,5.1500
6750.00,13.7205
6812.50,13.4436
6875.00,5.7196
6937.50,6.7045
7000.00,7.7912
7062.50,13.1691
7125.00,6.0552
7187.50,4.0214
7250.00,2.7576
7312.50,1.0729
7375.00,5.1183
7437.50,1.6490
7500.00,2.4830
7562.50,1.9875
7625.00,9.6813
7687.50,10.8639
7750.00,3.7664
7812.50,6.6733
7875.00,4.4236
7937.50,4.3430
airflow(m/s),7.64
clocktime,96689

0.00,934.7793
62.50,913.1943
125.00,217.2989
187.50,172.4517
250.00,225.7420
312.50,282.2683
375.00,103.5127
437.50,212.4346
500.00,55.6057
562.50,75.4172
625.00,109.9602
687.50,47.5311
750.00,105.3799
812.50,110.4147
875.00,50.2665
937.50,15.5503
1000.00,39.3455
1062.50,23.0321
1125.00,29.2228
1187.50,19.0308
1250.00,24.7458
1312.50,12.7028
1375.00,18.7705
1437.50,18.8461
1500.00,18.3755
1562.50,26.3025
1625.00,14.9212
1687.50,6.6715
1750.00,1.6674
1812.50,9.1900
1875.00,10.4007
1937.50,8.2541
2000.00,8.1915
2062.50,7.5181
2125.00,7.9395
2187.50,4.5215
2250.00,1.4224
2312.50,1.1314
2375.00,8.8597
2437.50,6.1589
2500.00,9.8320
2562.50,4.5212
2625.00,16.9835
2687.50,16.3829
2750.00,3.2570
2812.50,12.6589
2875.00,16.4737
2937.50,1.5897
3000.00,3.2670
3062.50,11.7335
3125.00,7.5861
3187.50,14.9049
3250.00,18.4779
3312.50,17.2258
3375.00,10.0286
3437.50,8.8612
3500.00,10.3597
3562.50,8.2459
3625.00,15.0255
3687.50,14.0496
3750.00,1.4874
3812.50,4.8880
3875.00,8.2359
3937.50,5.0899
4000.00,3.1042
4062.50,10.8985
4125.00,10.7722
4187.50,10.5705
4250.00,2.0419
4312.50,3.8526
4375.00,10.6498
4437.50,8.1076
4500.00,5.7323
4562.50,4.4350
4625.00,9.0343
4687.50,12.2606
4750.00,12.7563
4812.50,5.7337
4875.00,3.5629
4937.50,0.9017
5000.00,8.4377
5062.50,7.9922
5125.00,10.1457
5187.50,4.3748
5250.00,6.5606
5312.50,6.5165
5375.00,5.4510
5437.50,7.3446
5500.00,4.3302
5562.50,4.5619
5625.00,5.0842
5687.50,3.0730
5750.00,3.1109
5812.50,5.9327
5875.00,6.9198
5937.50,5.4572
6000.00,4.0584
6062.50,2.6172
6125.00,3.3696
6187.50,4.9928
6250.00,0.9531
6312.50,8.6825
6375.00,3.2041
6437.50,5.7439
6500.00,6.1340
6562.50,2.6283
6625.00,7.3161
6687.50,12.8612
6750.00,10.5571
6812.50,6.5134
6875.00,8.4474
6937.50,4.9202
7000.00,7.6247
7062.50,8.2335
7125.00,3.6468
7187.50,1.5588
7250.00,6.4775
7312.50,8.7224
7375.00,3.1792
7437.50,4.3224
7500.00,3.7533
7562.50,4.5352
7625.00,4.3150
7687.50,3.6365
7750.00,7.0544
7812.50,3.2288
7875.00,6.3952
7937.50,4.5472
airflow(m/s),10.38
clocktime,119155