0.00,67846.8117
62.50,29405.7520
125.00,327.1231
187.50,282.6124
250.00,74.1689
312.50,28.4268
375.00,58.5981
437.50,34.4804
500.00,18.1304
562.50,34.2413
625.00,14.4983
687.50,7.1414
750.00,44.4392
812.50,30.2933
875.00,18.9253
937.50,18.6399
1000.00,7.0754
1062.50,6.2476
1125.00,13.7633
1187.50,10.3276
1250.00,12.3074
1312.50,13.6855
1375.00,5.9532
1437.50,14.7196
1500.00,3.6147
1562.50,8.2963
1625.00,13.5468
1687.50,3.2360
1750.00,6.0916
1812.50,8.1975
1875.00,6.4190
1937.50,1.7436
2000.00,7.1501
2062.50,3.7120
2125.00,6.4954
2187.50,13.5008
2250.00,16.7908
2312.50,11.0239
2375.00,6.5281
2437.50,9.7368
2500.00,9.2191
2562.50,5.1608
2625.00,16.5370
2687.50,12.3654
2750.00,3.5869
2812.50,1.9326
2875.00,8.3285
2937.50,3.1716
3000.00,4.2999
3062.50,7.9212
3125.00,7.1326
3187.50,11.8773
3250.00,3.1744
3312.50,8.3232
3375.00,4.4219
3437.50,2.0566
3500.00,5.5741
3562.50,6.0353
3625.00,7.1960
3687.50,4.7801
3750.00,3.6115
3812.50,14.6302
3875.00,10.0626
3937.50,4.6499
4000.00,8.2797
4062.50,3.3870
4125.00,5.8438
4187.50,2.1071
4250.00,10.0875
4312.50,5.2849
4375.00,4.1755
4437.50,5.9143
4500.00,2.5210
4562.50,0.7193
4625.00,3.4232
4687.50,5.7068
4750.00,6.3311
4812.50,8.8247
4875.00,3.9770
4937.50,8.6011
5000.00,3.6191
5062.50,6.4580
5125.00,2.1735
5187.50,8.1456
5250.00,6.7347
5312.50,5.0921
5375.00,5.0891
5437.50,2.9623
5500.00,3.1992
5562.50,6.2978
5625.00,3.3313
5687.50,5.4798
5750.00,4.5569
5812.50,6.3242
5875.00,6.4863
5937.50,5.1541
6000.00,5.8951
6062.50,3.9392
6125.00,7.0235
6187.50,1.4981
6250.00,1.0367
6312.50,7.0035
6375.00,4.9159
6437.50,2.4090
6500.00,2.6555
6562.50,8.0178
6625.00,8.2099
6687.50,2.3061
6750.00,7.6334
6812.50,9.7453
6875.00,8.5750
6937.50,4.2434
7000.00,10.4684
7062.50,3.9461
7125.00,6.4234
7187.50,4.9892
7250.00,0.9604
7312.50,5.9541
7375.00,4.2369
7437.50,4.5105
7500.00,6.1779
7562.50,7.9061
7625.00,7.0093
7687.50,4.7599
7750.00,1.6693
7812.50,2.9792
7875.00,7.0437
7937.50,7.4114
airflow(m/s),4.06
clocktime,34155

0.00,2508.9381
62.50,1389.1811
125.00,79.6022
187.50,116.3058
250.00,31.3714
312.50,46.5093
375.00,93.5406
437.50,80.2222
500.00,59.8070
562.50,56.0731
625.00,26.9216
687.50,34.6964
750.00,61.3989
812.50,57.7538
875.00,15.4589
937.50,6.0260
1000.00,6.2981
1062.50,14.7691
1125.00,12.8685
1187.50,5.8780
1250.00,12.3228
1312.50,18.5848
1375.00,7.4016
1437.50,1.2585
1500.00,0.9839
1562.50,10.1618
1625.00,6.6056
1687.50,15.5315
1750.00,8.9869
1812.50,5.6746
1875.00,8.3076
1937.50,14.3844
2000.00,7.4648
2062.50,4.0687
2125.00,8.6767
2187.50,9.2317
2250.00,3.5888
2312.50,6.7887
2375.00,6.6387
2437.50,7.8335
2500.00,3.0552
2562.50,2.6768
2625.00,5.1688
2687.50,3.6297
2750.00,0.7734
2812.50,5.2405
2875.00,3.3531
2937.50,6.7356
3000.00,5.3213
3062.50,5.7386
3125.00,3.6388
3187.50,4.1141
3250.00,3.5692
3312.50,9.0786
3375.00,8.7529
3437.50,8.2211
3500.00,1.9604
3562.50,2.8979
3625.00,8.4981
3687.50,9.0700
3750.00,8.1890
3812.50,2.4981
3875.00,4.2520
3937.50,9.9673
4000.00,5.2651
4062.50,6.7351
4125.00,5.8888
4187.50,6.0129
4250.00,9.4539
4312.50,8.3465
4375.00,3.4163
4437.50,8.4712
4500.00,6.9401
4562.50,4.4193
4625.00,5.4266
4687.50,5.2786
4750.00,7.2148
4812.50,4.6681
4875.00,5.4150
4937.50,9.5303
5000.00,9.1898
5062.50,2.9176
5125.00,1.8391
5187.50,5.7168
5250.00,7.3312
5312.50,3.9147
5375.00,2.9159
5437.50,2.7013
5500.00,1.2102
5562.50,1.2262
5625.00,4.5776
5687.50,4.0910
5750.00,8.9080
5812.50,14.5328
5875.00,5.4366
5937.50,2.1641
6000.00,0.6141
6062.50,6.1632
6125.00,7.2077
6187.50,5.5348
6250.00,5.9085
6312.50,6.7731
6375.00,5.4861
6437.50,6.6019
6500.00,7.6174
6562.50,7.4021
6625.00,2.8431
6687.50,2.8350
6750.00,6.3944
6812.50,4.5941
6875.00,3.5001
6937.50,5.7943
7000.00,2.7812
7062.50,1.3071
7125.00,2.6065
7187.50,1.8887
7250.00,2.2810
7312.50,4.3719
7375.00,3.9325
7437.50,6.6586
7500.00,4.8022
7562.50,1.1667
7625.00,4.4886
7687.50,6.1833
7750.00,7.5279
7812.50,4.7235
7875.00,3.2867
7937.50,2.6320
airflow(m/s),3.15
clocktime,58858

0.00,1302.0789
62.50,577.5323
125.00,170.8871
187.50,58.7537
250.00,11.4869
312.50,45.2367
375.00,10.6851
437.50,25.9987
500.00,7.4974
562.50,32.3203
625.00,18.8425
687.50,59.3013
750.00,23.5944
812.50,32.4963
875.00,31.3267
937.50,25.0381
1000.00,28.9870
1062.50,6.0865
1125.00,14.7077
1187.50,8.4464
1250.00,8.8853
1312.50,14.1626
1375.00,14.7195
1437.50,6.9877
1500.00,12.0417
1562.50,17.2635
1625.00,11.8078
1687.50,12.1965
1750.00,8.1624
1812.50,2.6146
1875.00,7.2166
1937.50,6.2798
2000.00,13.0936
2062.50,4.2401
2125.00,13.3511
2187.50,10.7405
2250.00,3.0461
2312.50,3.6186
2375.00,4.9816
2437.50,4.4841
2500.00,8.2875
2562.50,8.5016
2625.00,10.8286
2687.50,9.8164
2750.00,9.3759
2812.50,8.3142
2875.00,9.3968
2937.50,4.9335
3000.00,9.8672
3062.50,11.8599
3125.00,7.1544
3187.50,3.3798
3250.00,2.5349
3312.50,4.1700
3375.00,7.9366
3437.50,8.3332
3500.00,8.8199
3562.50,7.5522
3625.00,0.8165
3687.50,4.8922
3750.00,9.7430
3812.50,1.4325
3875.00,4.4258
3937.50,2.2100
4000.00,4.3432
4062.50,6.8032
4125.00,3.0192
4187.50,4.8645
4250.00,6.6538
4312.50,1.8789
4375.00,4.0715
4437.50,8.2050
4500.00,6.5475
4562.50,4.2398
4625.00,0.7488
4687.50,1.4335
4750.00,1.6839
4812.50,7.7385
4875.00,9.0871
4937.50,3.8369
5000.00,6.7456
5062.50,3.1979
5125.00,2.6196
5187.50,1.3563
5250.00,2.0868
5312.50,4.0458
5375.00,3.7249
5437.50,5.7312
5500.00,6.5762
5562.50,1.4900
5625.00,3.7040
5687.50,3.5051
5750.00,7.3640
5812.50,6.1512
5875.00,3.1565
5937.50,3.1236
6000.00,5.0121
6062.50,1.8499
6125.00,3.6246
6187.50,1.3791
6250.00,1.0887
6312.50,0.9043
6375.00,7.3899
6437.50,4.9081
6500.00,6.4889
6562.50,6.3109
6625.00,4.6711
6687.50,4.1540
6750.00,5.2008
6812.50,9.2485
6875.00,11.8455
6937.50,12.4008
7000.00,9.2415
7062.50,5.0588
7125.00,3.7766
7187.50,2.5607
7250.00,2.8621
7312.50,4.0425
7375.00,4.1030
7437.50,9.1405
7500.00,12.3674
7562.50,5.4337
7625.00,1.4062
7687.50,0.2595
7750.00,1.4463
7812.50,2.7715
7875.00,6.0927
7937.50,8.9240
airflow(m/s),3.59
clocktime,84624

0.00,2133.5746
62.50,861.7486
125.00,222.0193
187.50,258.1155
250.00,93.7764
312.50,186.1211
375.00,96.2117
437.50,89.1221
500.00,57.8985
562.50,33.8528
625.00,28.3237
687.50,32.4551
750.00,22.2149
812.50,47.7944
875.00,35.4894
937.50,55.0755
1000.00,29.0789
1062.50,36.1970
1125.00,48.8438
1187.50,15.0207
1250.00,16.6770
1312.50,20.6803
1375.00,41.6379
1437.50,43.7877
1500.00,22.3465
1562.50,25.9024
1625.00,13.6032
1687.50,27.3766
1750.00,45.1793
1812.50,56.8382
1875.00,23.1914
1937.50,26.7084
2000.00,8.0767
2062.50,8.3448
2125.00,19.4650
2187.50,9.1638
2250.00,16.0673
2312.50,13.7417
2375.00,16.0680
2437.50,8.9955
2500.00,3.4572
2562.50,10.9562
2625.00,7.1568
2687.50,6.3418
2750.00,17.9599
2812.50,7.1017
2875.00,3.1735
2937.50,2.3009
3000.00,8.0605
3062.50,11.4936
3125.00,12.1407
3187.50,8.7261
3250.00,13.0860
3312.50,4.3046
3375.00,9.2354
3437.50,15.8677
3500.00,23.0298
3562.50,24.7416
3625.00,13.1002
3687.50,15.0051
3750.00,17.2654
3812.50,24.3019
3875.00,10.9526
3937.50,7.5188
4000.00,10.5726
4062.50,11.5095
4125.00,17.6085
4187.50,11.8943
4250.00,5.0849
4312.50,10.2183
4375.00,13.5462
4437.50,12.6947
4500.00,5.6971
4562.50,10.7957
4625.00,5.2421
4687.50,7.4216
4750.00,7.2238
4812.50,11.6805
4875.00,13.1004
4937.50,13.2515
5000.00,11.3016
5062.50,11.4141
5125.00,14.0980
5187.50,10.0053
5250.00,12.8553
5312.50,20.9803
5375.00,1.1733
5437.50,4.7891
5500.00,10.0537
5562.50,15.7422
5625.00,5.8723
5687.50,13.6111
5750.00,9.5913
5812.50,7.4624
5875.00,5.0412
5937.50,10.1022
6000.00,14.3709
6062.50,7.9179
6125.00,4.5333
6187.50,9.6768
6250.00,5.8880
6312.50,4.7232
6375.00,11.2653
6437.50,4.1475
6500.00,11.3299
6562.50,7.6047
6625.00,9.7843
6687.50,9.9665
6750.00,11.8924
6812.50,13.7134
6875.00,21.9288
6937.50,8.1664
7000.00,16.7341
7062.50,14.9711
7125.00,7.0769
7187.50,5.8302
7250.00,12.7918
7312.50,6.9550
7375.00,7.3507
7437.50,16.1910
7500.00,2.6085
7562.50,30.4708
7625.00,13.6212
7687.50,8.9806
7750.00,14.2545
7812.50,18.1568
7875.00,13.1594
7937.50,10.4943
airflow(m/s),3.66
clocktime,111088

0.00,1015.9546
62.50,990.6665
125.00,179.2722
187.50,172.6830
250.00,89.5770
312.50,120.4613
375.00,39.5648
437.50,31.3143
500.00,33.3174
562.50,23.4622
625.00,59.7479
687.50,36.0708
750.00,13.1018
812.50,9.7463
875.00,28.0436
937.50,3.9549
1000.00,19.8545
1062.50,7.8145
1125.00,1.8498
1187.50,3.3664
1250.00,7.8380
1312.50,1.5132
1375.00,13.3269
1437.50,19.1848
1500.00,13.1002
1562.50,8.0790
1625.00,4.0754
1687.50,5.1218
1750.00,6.1121
1812.50,10.8257
1875.00,26.5408
1937.50,13.9497
2000.00,5.1163
2062.50,4.0826
2125.00,5.9450
2187.50,6.3521
2250.00,10.6944
2312.50,13.8158
2375.00,8.8083
2437.50,5.5785
2500.00,6.7251
2562.50,7.6319
2625.00,12.4149
2687.50,8.6072
2750.00,4.6649
2812.50,4.4769
2875.00,2.3967
2937.50,2.4751
3000.00,4.7192
3062.50,6.6826
3125.00,4.9831
3187.50,2.9522
3250.00,2.9343
3312.50,2.9387
3375.00,2.9094
3437.50,2.9690
3500.00,2.5721
3562.50,6.1851
3625.00,2.4119
3687.50,1.6735
3750.00,2.0379
3812.50,3.7159
3875.00,3.1793
3937.50,3.7059
4000.00,5.2424
4062.50,12.2141
4125.00,8.5834
4187.50,6.5839
4250.00,4.5552
4312.50,5.4867
4375.00,3.0615
4437.50,3.7228
4500.00,2.9692
4562.50,7.5317
4625.00,6.6706
4687.50,9.2084
4750.00,2.1942
4812.50,6.0269
4875.00,4.2676
4937.50,1.3637
5000.00,3.7829
5062.50,2.4170
5125.00,4.6119
5187.50,9.3836
5250.00,5.2987
5312.50,5.8582
5375.00,5.2420
5437.50,10.3883
5500.00,5.7956
5562.50,3.9623
5625.00,6.5112
5687.50,2.2271
5750.00,5.2637
5812.50,6.8243
5875.00,3.2364
5937.50,5.5516
6000.00,2.5907
6062.50,10.7536
6125.00,5.9369
6187.50,9.5226
6250.00,7.1674
6312.50,2.9868
6375.00,2.9319
6437.50,1.8189
6500.00,6.7954
6562.50,10.2572
6625.00,7.7346
6687.50,2.3658
6750.00,2.8558
6812.50,7.0403
6875.00,4.3639
6937.50,0.4000
7000.00,1.4208
7062.50,4.3081
7125.00,7.2098
7187.50,6.0165
7250.00,4.1308
7312.50,4.3008
7375.00,2.2532
7437.50,7.3186
7500.00,6.3406
7562.50,8.9534
7625.00,4.2856
7687.50,12.2973
7750.00,11.8634
7812.50,7.9205
7875.00,2.0692
7937.50,4.3712
airflow(m/s),3.29
clocktime,137694

0.00,856.4873
62.50,809.7091
125.00,214.4557
187.50,92.3756
250.00,64.2883
312.50,77.3615
375.00,26.6267
437.50,28.7618
500.00,31.3020
562.50,37.8407
625.00,42.1409
687.50,34.3133
750.00,22.4251
812.50,20.3696
875.00,28.6097
937.50,21.6361
1000.00,6.3347
1062.50,13.7261
1125.00,20.2455
1187.50,22.6476
1250.00,13.7952
1312.50,17.1347
1375.00,13.5875
1437.50,1.0791
1500.00,9.1747
1562.50,4.4851
1625.00,4.4520
1687.50,1.7018
1750.00,7.6228
1812.50,10.0126
1875.00,8.6793
1937.50,4.9093
2000.00,4.7798
2062.50,10.1230
2125.00,6.6731
2187.50,5.4951
2250.00,6.0073
2312.50,4.2089
2375.00,8.5763
2437.50,2.0355
2500.00,9.8133
2562.50,10.9927
2625.00,7.5066
2687.50,10.1940
2750.00,7.1984
2812.50,6.1418
2875.00,5.3734
2937.50,6.0237
3000.00,4.7562
3062.50,4.4049
3125.00,8.8213
3187.50,1.9045
3250.00,4.4926
3312.50,7.4689
3375.00,6.5610
3437.50,2.3292
3500.00,8.8484
3562.50,8.8331
3625.00,8.6721
3687.50,5.5253
3750.00,3.8992
3812.50,4.0866
3875.00,3.2303
3937.50,4.1891
4000.00,4.0007
4062.50,2.7437
4125.00,6.4785
4187.50,4.7800
4250.00,2.5827
4312.50,5.7473
4375.00,2.5646
4437.50,5.0167
4500.00,5.7767
4562.50,9.2351
4625.00,6.8649
4687.50,8.3018
4750.00,7.7902
4812.50,3.6864
4875.00,7.3919
4937.50,3.6492
5000.00,4.1014
5062.50,3.3082
5125.00,6.2712
5187.50,9.0753
5250.00,3.5058
5312.50,3.4355
5375.00,1.7771
5437.50,2.7974
5500.00,1.2986
5562.50,0.9215
5625.00,3.1684
5687.50,2.8083
5750.00,3.0572
5812.50,2.1441
5875.00,5.7752
5937.50,2.7551
6000.00,4.4648
6062.50,4.5252
6125.00,5.6097
6187.50,6.3805
6250.00,4.1991
6312.50,3.6766
6375.00,0.7730
6437.50,2.7056
6500.00,4.5650
6562.50,4.1320
6625.00,4.4586
6687.50,6.1880
6750.00,2.4253
6812.50,6.8379
6875.00,9.1767
6937.50,2.7421
7000.00,3.4576
7062.50,2.1245
7125.00,3.7456
7187.50,5.8875
7250.00,10.8795
7312.50,15.1999
7375.00,7.6096
7437.50,4.4193
7500.00,3.6005
7562.50,1.1800
7625.00,3.2644
7687.50,4.3718
7750.00,4.7080
7812.50,6.0898
7875.00,5.0329
7937.50,7.6262
airflow(m/s),3.36
clocktime,164371

0.00,2504.6899
62.50,1422.9994
125.00,178.0116
187.50,178.0671
250.00,120.4085
312.50,129.6151
375.00,93.1528
437.50,31.0920
500.00,22.2420
562.50,65.8402
625.00,31.4105
687.50,20.7001
750.00,33.6867
812.50,11.9970
875.00,13.7294
937.50,13.2272
1000.00,7.9325
1062.50,14.5799
1125.00,21.6472
1187.50,21.0146
1250.00,2.6727
1312.50,15.1721
1375.00,10.3193
1437.50,11.1658
1500.00,6.6819
1562.50,7.4555
1625.00,6.2833
1687.50,3.4123
1750.00,9.3130
1812.50,5.8420
1875.00,7.7848
1937.50,7.0933
2000.00,2.6774
2062.50,12.4480
2125.00,8.9911
2187.50,4.7810
2250.00,3.0086
2312.50,3.8886
2375.00,2.2951
2437.50,2.8274
2500.00,1.9538
2562.50,7.2985
2625.00,8.5739
2687.50,1.5246
2750.00,2.6186
2812.50,3.4039
2875.00,3.9157
2937.50,3.5294
3000.00,3.0236
3062.50,6.1798
3125.00,5.3048
3187.50,1.3255
3250.00,1.5818
3312.50,1.0623
3375.00,3.1444
3437.50,0.3724
3500.00,4.5196
3562.50,1.4669
3625.00,8.2364
3687.50,8.1252
3750.00,6.3640
3812.50,3.5255
3875.00,5.7881
3937.50,4.4696
4000.00,4.9528
4062.50,5.5159
4125.00,6.0290
4187.50,9.6321
4250.00,4.9881
4312.50,3.6769
4375.00,5.2613
4437.50,3.3587
4500.00,4.7811
4562.50,3.8687
4625.00,5.8717
4687.50,7.1760
4750.00,5.4510
4812.50,3.9835
4875.00,5.6381
4937.50,3.4634
5000.00,2.5474
5062.50,4.6760
5125.00,3.9283
5187.50,3.6912
5250.00,5.8445
5312.50,7.2523
5375.00,3.4559
5437.50,4.0873
5500.00,5.6495
5562.50,4.3839
5625.00,4.8134
5687.50,4.7882
5750.00,8.2970
5812.50,8.4143
5875.00,5.4288
5937.50,7.0278
6000.00,4.5744
6062.50,4.0689
6125.00,2.9360
6187.50,5.4081
6250.00,8.0959
6312.50,5.0580
6375.00,4.5730
6437.50,4.8861
6500.00,3.0347
6562.50,1.9357
6625.00,4.0418
6687.50,4.8711
6750.00,11.8078
6812.50,12.7656
6875.00,10.7594
6937.50,7.5074
7000.00,1.7273
7062.50,6.9044
7125.00,5.3378
7187.50,1.7630
7250.00,2.0904
7312.50,4.4809
7375.00,6.9777
7437.50,7.2797
7500.00,4.3654
7562.50,9.8949
7625.00,6.8156
7687.50,8.9604
7750.00,3.0899
7812.50,3.8114
7875.00,0.3246
7937.50,3.7802
airflow(m/s),3.51
clocktime,191194

0.00,521.7332
62.50,1382.5713
125.00,461.9461
187.50,320.2721
250.00,53.5881
312.50,39.7837
375.00,52.9655
437.50,30.8766
500.00,55.2670
562.50,52.1952
625.00,129.1123
687.50,67.7825
750.00,35.1285
812.50,46.2458
875.00,56.8861
937.50,26.6183
1000.00,9.5041
1062.50,14.0079
1125.00,6.9883
1187.50,26.1749
1250.00,30.1484
1312.50,43.8171
1375.00,10.0149
1437.50,23.7660
1500.00,18.5793
1562.50,35.8156
1625.00,8.9225
1687.50,6.9793
1750.00,8.7276
1812.50,13.6496
1875.00,3.5532
1937.50,19.3566
2000.00,3.1234
2062.50,13.7372
2125.00,3.6673
2187.50,5.2246
2250.00,7.2204
2312.50,1.5723
2375.00,13.5298
2437.50,20.2107
2500.00,11.7413
2562.50,3.0943
2625.00,9.4861
2687.50,10.8617
2750.00,11.7419
2812.50,14.0451
2875.00,4.3971
2937.50,10.7401
3000.00,4.4433
3062.50,7.6526
3125.00,8.2830
3187.50,2.6670
3250.00,12.5154
3312.50,8.1782
3375.00,3.8998
3437.50,7.1070
3500.00,10.0055
3562.50,7.8962
3625.00,11.0321
3687.50,6.4940
3750.00,7.6450
3812.50,7.7444
3875.00,13.2450
3937.50,21.2196
4000.00,22.0713
4062.50,7.5726
4125.00,8.3206
4187.50,12.4782
4250.00,1.6987
4312.50,5.6845
4375.00,10.0963
4437.50,9.4326
4500.00,8.9909
4562.50,5.9711
4625.00,2.1676
4687.50,0.8442
4750.00,9.7743
4812.50,4.3217
4875.00,5.3836
4937.50,4.9550
5000.00,17.3952
5062.50,17.6336
5125.00,22.2294
5187.50,17.1029
5250.00,17.4000
5312.50,1.7706
5375.00,11.3568
5437.50,1.5151
5500.00,9.5511
5562.50,8.0074
5625.00,11.3431
5687.50,15.9838
5750.00,39.1276
5812.50,35.5345
5875.00,25.5869
5937.50,8.9513
6000.00,3.7104
6062.50,16.2705
6125.00,13.5136
6187.50,7.8406
6250.00,9.8198
6312.50,10.7242
6375.00,12.5650
6437.50,5.9378
6500.00,18.7244
6562.50,17.5026
6625.00,19.2438
6687.50,4.8595
6750.00,10.4646
6812.50,14.4642
6875.00,5.1899
6937.50,9.7784
7000.00,1.8577
7062.50,7.8939
7125.00,18.7850
7187.50,17.7323
7250.00,22.3613
7312.50,13.6611
7375.00,8.7378
7437.50,8.9237
7500.00,11.4265
7562.50,5.7064
7625.00,4.9174
7687.50,4.7317
7750.00,14.0579
7812.50,7.5737
7875.00,7.7885
7937.50,7.4137
airflow(m/s),4.06
clocktime,218211

0.00,1498.7839
62.50,1173.4622
125.00,137.9887
187.50,278.9768
250.00,723.8567
312.50,789.4376
375.00,322.4236
437.50,399.2266
500.00,179.2382
562.50,265.5340
625.00,140.4614
687.50,51.8407
750.00,45.9614
812.50,84.0915
875.00,12.5301
937.50,29.1452
1000.00,46.2327
1062.50,40.4766
1125.00,10.0406
1187.50,34.2809
1250.00,28.1292
1312.50,15.8925
1375.00,17.0915
1437.50,19.9174
1500.00,7.4996
1562.50,50.5171
1625.00,34.2905
1687.50,62.2942
1750.00,120.4223
1812.50,57.4291
1875.00,40.5071
1937.50,23.0512
2000.00,8.8314
2062.50,16.0670
2125.00,30.3846
2187.50,27.8824
2250.00,11.9998
2312.50,24.7109
2375.00,19.5331
2437.50,28.5118
2500.00,8.7124
2562.50,16.9349
2625.00,18.3140
2687.50,8.0861
2750.00,10.9153
2812.50,6.8484
2875.00,8.1112
2937.50,13.3784
3000.00,5.5764
3062.50,14.2359
3125.00,17.1438
3187.50,12.6383
3250.00,20.6644
3312.50,13.0298
3375.00,12.0381
3437.50,3.7600
3500.00,4.3033
3562.50,14.8598
3625.00,12.7537
3687.50,9.5876
3750.00,7.5026
3812.50,2.2868
3875.00,7.7603
3937.50,18.8817
4000.00,24.2403
4062.50,18.1848
4125.00,4.3328
4187.50,3.8575
4250.00,3.0413
4312.50,3.7356
4375.00,3.1359
4437.50,2.9988
4500.00,5.9337
4562.50,3.0095
4625.00,4.8744
4687.50,7.3846
4750.00,8.1999
4812.50,9.0116
4875.00,10.6198
4937.50,9.2006
5000.00,3.7547
5062.50,2.9432
5125.00,7.4070
5187.50,5.4647
5250.00,9.4767
5312.50,4.0510
5375.00,3.4750
5437.50,4.0996
5500.00,8.3025
5562.50,14.8917
5625.00,10.1144
5687.50,1.5626
5750.00,6.9419
5812.50,5.2919
5875.00,4.0785
5937.50,1.3715
6000.00,3.5620
6062.50,3.6511
6125.00,3.2855
6187.50,5.8876
6250.00,8.6296
6312.50,10.2037
6375.00,9.1356
6437.50,7.1712
6500.00,1.3649
6562.50,7.7838
6625.00,10.8757
6687.50,14.1673
6750.00,3.7434
6812.50,1.8721
6875.00,5.8714
6937.50,5.3479
7000.00,5.0436
7062.50,6.3897
7125.00,3.1000
7187.50,2.6803
7250.00,5.5979
7312.50,5.1199
7375.00,6.0117
7437.50,5.6770
7500.00,1.7370
7562.50,8.5826
7625.00,4.2025
7687.50,3.6967
7750.00,5.3792
7812.50,2.1639
7875.00,5.5264
7937.50,3.8561
airflow(m/s),3.08
clocktime,245799

0.00,447.8437
62.50,1108.8685
125.00,193.7237
187.50,151.7947
250.00,171.6906
312.50,107.6699
375.00,80.4785
437.50,155.9191
500.00,30.0882
562.50,64.4888
625.00,109.6660
687.50,42.2736
750.00,23.3307
812.50,52.1545
875.00,24.1549
937.50,27.8907
1000.00,11.6219
1062.50,21.9346
1125.00,49.1076
1187.50,38.5890
1250.00,13.9333
1312.50,26.6287
1375.00,12.9362
1437.50,17.0527
1500.00,28.1433
1562.50,31.6560
1625.00,32.3470
1687.50,1.5800
1750.00,10.2779
1812.50,4.4973
1875.00,3.8874
1937.50,1.1782
2000.00,5.7904
2062.50,13.8662
2125.00,2.7580
2187.50,11.1706
2250.00,15.8808
2312.50,13.7590
0.00,69763.5225
62.50,30069.3649
125.00,296.5306
187.50,105.5366
250.00,138.8463
312.50,47.5444
375.00,24.9006
437.50,79.8033
500.00,85.5238
562.50,56.2593
625.00,28.6846
687.50,12.1083
750.00,64.1778
812.50,57.6154
875.00,26.7933
937.50,28.1992
1000.00,12.0639
1062.50,2.6828
1125.00,6.9234
1187.50,7.6419
1250.00,4.1006
1312.50,9.3653
1375.00,2.3025
1437.50,9.0939
1500.00,8.8873
1562.50,11.6198
1625.00,8.6612
1687.50,4.2687
1750.00,1.1196
1812.50,2.3955
1875.00,8.1982
1937.50,4.7659
2000.00,10.9642
2062.50,13.6229
2125.00,9.9346
2187.50,5.8486
2250.00,6.8886
2312.50,8.4843
2375.00,12.9387
2437.50,7.6483
2500.00,3.3070
2562.50,5.1916
2625.00,6.0816
2687.50,5.3743
2750.00,6.0544
2812.50,4.2535
2875.00,8.3293
2937.50,14.5075
3000.00,12.7996
3062.50,8.0897
3125.00,3.9227
3187.50,6.4057
3250.00,3.1521
3312.50,2.3042
3375.00,4.0225
3437.50,2.3834
3500.00,4.5092
3562.50,1.7181
3625.00,0.5080
3687.50,1.6474
3750.00,4.4953
3812.50,4.1054
3875.00,2.1512
3937.50,6.9331
4000.00,7.3322
4062.50,9.3427
4125.00,9.8563
4187.50,3.5488
4250.00,2.2687
4312.50,5.3321
4375.00,10.1100
4437.50,7.8022
4500.00,1.6644
4562.50,8.9732
4625.00,8.2479
4687.50,5.8936
4750.00,9.1925
4812.50,6.5853
4875.00,10.5612
4937.50,9.4577
5000.00,2.3036
5062.50,1.9163
5125.00,4.2943
5187.50,1.3861
5250.00,6.7696
5312.50,8.2377
5375.00,1.3883
5437.50,3.9344
5500.00,3.1051
5562.50,2.0440
5625.00,2.7093
5687.50,7.6814
5750.00,9.9020
5812.50,7.3759
5875.00,8.5269
5937.50,6.2159
6000.00,4.5954
6062.50,1.7321
6125.00,6.1238
6187.50,6.8748
6250.00,6.7348
6312.50,2.0186
6375.00,6.7102
6437.50,6.0265
6500.00,3.9899
6562.50,1.3820
6625.00,1.6515
6687.50,5.3188
6750.00,2.5931
6812.50,4.1939
6875.00,8.6077
6937.50,6.8156
7000.00,3.3932
7062.50,9.5171
7125.00,7.3301
7187.50,3.4867
7250.00,0.3548
7312.50,3.0246
7375.00,3.8158
7437.50,4.2914
7500.00,5.4503
7562.50,6.0282
7625.00,5.1923
7687.50,5.2346
7750.00,4.2317
7812.50,3.5282
7875.00,3.9752
7937.50,4.1302
airflow(m/s),3.66
clocktime,26895

0.00,1010.7037
62.50,604.7040
125.00,93.4796
187.50,62.8532
250.00,215.9504
312.50,168.9548
375.00,416.9828
437.50,714.0424
500.00,240.5538
562.50,469.7550
625.00,127.2460
687.50,13.2952
750.00,85.2271
812.50,43.2299
875.00,20.4658
937.50,25.2177
1000.00,33.2709
1062.50,5.0058
1125.00,23.3510
1187.50,11.7837
1250.00,12.4878
1312.50,6.0306
1375.00,12.6910
1437.50,13.0156
1500.00,37.8515
1562.50,17.6152
1625.00,23.0111
1687.50,49.4373
1750.00,19.5395
1812.50,14.4807
1875.00,19.8153
1937.50,3.1014
2000.00,16.3655
2062.50,12.1636
2125.00,9.5339
2187.50,18.6725
2250.00,18.9323
2312.50,26.1374
2375.00,15.5688
2437.50,10.5398
2500.00,7.7768
2562.50,5.8072
2625.00,11.4509
2687.50,4.7141
2750.00,4.7488
2812.50,6.2973
2875.00,6.6529
2937.50,4.5540
3000.00,4.1238
3062.50,5.1962
3125.00,10.7541
3187.50,12.7108
3250.00,16.2131
3312.50,26.4916
3375.00,19.7953
3437.50,17.4294
3500.00,11.6712
3562.50,2.0930
3625.00,9.9558
3687.50,13.3372
3750.00,8.0054
3812.50,0.6217
3875.00,2.2915
3937.50,5.2275
4000.00,3.1444
4062.50,4.4656
4125.00,4.2204
4187.50,5.8210
4250.00,2.3478
4312.50,4.0492
4375.00,4.5393
4437.50,5.3136
4500.00,6.7346
4562.50,1.7785
4625.00,4.6379
4687.50,12.4376
4750.00,10.3767
4812.50,8.5624
4875.00,9.5225
4937.50,10.0335
5000.00,2.1153
5062.50,4.9624
5125.00,7.3504
5187.50,4.9238
5250.00,1.3853
5312.50,4.3604
5375.00,4.3860
5437.50,0.8084
5500.00,2.1678
5562.50,4.7549
5625.00,6.8486
5687.50,4.2800
5750.00,3.6181
5812.50,7.0387
5875.00,8.5462
5937.50,0.2135
6000.00,4.3836
6062.50,0.4374
6125.00,6.4507
6187.50,11.7297
6250.00,13.1869
6312.50,7.5465
6375.00,4.2742
6437.50,5.9216
6500.00,2.7286
6562.50,6.4207
6625.00,1.1982
6687.50,5.3266
6750.00,7.0882
6812.50,2.3317
6875.00,5.4738
6937.50,5.0185
7000.00,1.5153
7062.50,0.4935
7125.00,5.8054
7187.50,1.4679
7250.00,3.5639
7312.50,7.4842
7375.00,6.1063
7437.50,6.0777
7500.00,2.2554
7562.50,5.8459
7625.00,6.9723
7687.50,11.8029
7750.00,6.9711
7812.50,4.3662
7875.00,5.9771
7937.50,4.5351
airflow(m/s),3.44
clocktime,54810

0.00,3278.3589
62.50,1952.2101
125.00,219.3885
187.50,292.3926
250.00,418.9393
312.50,224.9958
375.00,101.9702
437.50,347.7980
500.00,675.9698
562.50,647.3645
625.00,187.7559
687.50,162.2425
750.00,98.9148
812.50,75.1190
875.00,20.7075
937.50,24.7313
1000.00,20.8024
1062.50,13.6321
1125.00,11.8782
1187.50,18.8982
1250.00,27.5610
1312.50,52.3709
1375.00,30.1222
1437.50,74.6455
1500.00,72.6278
1562.50,21.6504
1625.00,9.7706
1687.50,14.7815
1750.00,16.5559
1812.50,4.4769
1875.00,6.1438
1937.50,3.2463
2000.00,5.0817
2062.50,9.4429
2125.00,7.1942
2187.50,2.5933
2250.00,10.3632
2312.50,22.4460
2375.00,40.7200
2437.50,29.4531
2500.00,17.6144
2562.50,10.6269
2625.00,16.4287
2687.50,23.9829
2750.00,17.3021
2812.50,8.8981
2875.00,10.6003
2937.50,5.3548
3000.00,8.4445
3062.50,11.1312
3125.00,15.5203
3187.50,8.8326
3250.00,2.9589
3312.50,6.9836
3375.00,12.2378
3437.50,11.9704
3500.00,12.1666
3562.50,9.7010
3625.00,11.0436
3687.50,4.5206
3750.00,8.8287
3812.50,3.6915
3875.00,4.8684
3937.50,4.5032
4000.00,6.2276
4062.50,5.9443
4125.00,12.6841
4187.50,11.4324
4250.00,11.4494
4312.50,14.4902
4375.00,12.1743
4437.50,27.7528
4500.00,36.2036
4562.50,19.4817
4625.00,7.7153
4687.50,7.3487
4750.00,5.5947
4812.50,14.7326
4875.00,10.2519
4937.50,4.5682
5000.00,3.6031
5062.50,4.5447
5125.00,6.8239
5187.50,3.7949
5250.00,1.1118
5312.50,8.0826
5375.00,11.5845
5437.50,2.4364
5500.00,11.4218
5562.50,11.0199
5625.00,4.9247
5687.50,8.7504
5750.00,4.3524
5812.50,4.6270
5875.00,7.6825
5937.50,8.2575
6000.00,5.1792
6062.50,6.5930
6125.00,3.5264
6187.50,9.0807
6250.00,8.8708
6312.50,7.0810
6375.00,5.9344
6437.50,2.0497
6500.00,1.6559
6562.50,4.3213
6625.00,6.1417
6687.50,3.8098
6750.00,4.0509
6812.50,5.3035
6875.00,3.4938
6937.50,6.1110
7000.00,7.8779
7062.50,6.4128
7125.00,4.4802
7187.50,3.0073
7250.00,3.1187
7312.50,7.5955
7375.00,1.8658
7437.50,3.0479
7500.00,3.9671
7562.50,2.3669
7625.00,4.7304
7687.50,3.5198
7750.00,3.5447
7812.50,2.0575
7875.00,4.0614
7937.50,9.4764
airflow(m/s),4.95
clocktime,84809

0.00,2842.9428
62.50,1461.5140
125.00,112.9560
187.50,77.3669
250.00,106.4898
312.50,82.5307
375.00,51.0706
437.50,64.8168
500.00,34.2376
562.50,24.6804
625.00,28.6244
687.50,10.2174
750.00,23.6068
812.50,20.7880
875.00,27.2653
937.50,14.4798
1000.00,11.7085
1062.50,6.6515
1125.00,3.2339
1187.50,13.4513
1250.00,7.1904
1312.50,11.0354
1375.00,13.2447
1437.50,1.8996
1500.00,2.4746
1562.50,4.4630
1625.00,10.2351
1687.50,10.1148
1750.00,12.2262
1812.50,6.9948
1875.00,1.1420
1937.50,7.6230
2000.00,4.1246
2062.50,5.6577
2125.00,4.2504
2187.50,1.3106
2250.00,7.2963
2312.50,4.8156
2375.00,11.0716
2437.50,3.5579
2500.00,5.6456
2562.50,6.3944
2625.00,1.7598
2687.50,4.4560
2750.00,7.8002
2812.50,10.0243
2875.00,6.1894
2937.50,2.4262
3000.00,2.3533
3062.50,5.0503
3125.00,3.5870
3187.50,0.8447
3250.00,4.3466
3312.50,5.0715
3375.00,1.2276
3437.50,3.5166
3500.00,6.6954
3562.50,4.7018
3625.00,2.6187
3687.50,1.7107
3750.00,9.7696
3812.50,6.7665
3875.00,0.3993
3937.50,2.9232
4000.00,3.4568
4062.50,6.4942
4125.00,6.6199
4187.50,4.6153
4250.00,4.1860
4312.50,2.4966
4375.00,4.5693
4437.50,4.5700
4500.00,2.0976
4562.50,2.1861
4625.00,1.7189
4687.50,4.1878
4750.00,0.8149
4812.50,5.3874
4875.00,7.4478
4937.50,4.1735
5000.00,0.9926
5062.50,5.4744
5125.00,1.4951
5187.50,0.9429
5250.00,1.1334
5312.50,4.4963
5375.00,7.5075
5437.50,5.3436
5500.00,7.3650
5562.50,7.5762
5625.00,3.6999
5687.50,4.0397
5750.00,3.6110
5812.50,7.1514
5875.00,5.7968
5937.50,4.3014
6000.00,4.5969
6062.50,6.0331
6125.00,5.0121
6187.50,5.7467
6250.00,2.7857
6312.50,5.6639
6375.00,3.5272
6437.50,3.7669
6500.00,5.5327
6562.50,8.2883
6625.00,4.8334
6687.50,2.4105
6750.00,0.7448
6812.50,2.9325
6875.00,2.9094
6937.50,6.7985
7000.00,3.4771
7062.50,5.3762
7125.00,4.3694
7187.50,3.5797
7250.00,2.1794
7312.50,6.4533
7375.00,4.6914
7437.50,3.2798
7500.00,2.7722
7562.50,1.0715
7625.00,3.4621
7687.50,4.6117
7750.00,1.5990
7812.50,0.1396
7875.00,1.0428
7937.50,3.3340
airflow(m/s),3.82
clocktime,114635

0.00,546.3552
62.50,459.8161
125.00,30.6170
187.50,145.4919
250.00,72.5900
312.50,38.7602
375.00,77.1948
437.50,96.9250
500.00,82.6844
562.50,20.9996
625.00,24.4972
687.50,22.1757
750.00,26.7380
812.50,41.5027
875.00,21.1076
937.50,8.9266
1000.00,18.4689
1062.50,14.0610
1125.00,24.6062
1187.50,11.8228
1250.00,8.3436
1312.50,8.3535
1375.00,6.6876
1437.50,10.0199
1500.00,11.4548
1562.50,2.2421
1625.00,6.3942
1687.50,11.0229
1750.00,7.4198
1812.50,2.3117
1875.00,7.6576
1937.50,4.2822
2000.00,2.5219
2062.50,3.9497
2125.00,3.2478
2187.50,3.1796
2250.00,7.2535
2312.50,1.3720
2375.00,5.7118
2437.50,5.1717
2500.00,3.3041
2562.50,12.7907
2625.00,12.9138
2687.50,3.8845
2750.00,1.6222
2812.50,3.4420
2875.00,3.1412
2937.50,6.8292
3000.00,7.1070
3062.50,3.0378
3125.00,11.5288
3187.50,12.5888
3250.00,1.8366
3312.50,6.5231
3375.00,7.1758
3437.50,7.7887
3500.00,2.0493
3562.50,3.3328
3625.00,5.1971
3687.50,9.4480
3750.00,3.9613
3812.50,1.2688
3875.00,6.3421
3937.50,3.9560
4000.00,2.0272
4062.50,3.1127
4125.00,3.3576
4187.50,4.5012
4250.00,12.4311
4312.50,5.3429
4375.00,4.2563
4437.50,4.5021
4500.00,3.3996
4562.50,8.6651
4625.00,2.6125
4687.50,7.3790
4750.00,3.8170
4812.50,2.3274
4875.00,2.1808
4937.50,4.4459
5000.00,7.7629
5062.50,2.6358
5125.00,6.1343
5187.50,2.6557
5250.00,1.7597
5312.50,2.0024
5375.00,1.8785
5437.50,4.5243
5500.00,2.4952
5562.50,6.8989
5625.00,1.9182
5687.50,4.6514
5750.00,7.3018
5812.50,3.8347
5875.00,4.8636
5937.50,5.6514
6000.00,6.0086
6062.50,6.1605
6125.00,2.9102
6187.50,4.1483
6250.00,10.1069
6312.50,12.6432
6375.00,9.9161
6437.50,5.4469
6500.00,6.0158
6562.50,6.7869
6625.00,7.6926
6687.50,4.3304
6750.00,1.8065
6812.50,2.9791
6875.00,5.9281
6937.50,6.4040
7000.00,7.2838
7062.50,3.3858
7125.00,4.3275
7187.50,4.0960
7250.00,3.8043
7312.50,2.3033
7375.00,7.8102
7437.50,11.9209
7500.00,10.2009
7562.50,6.0976
7625.00,3.1217
7687.50,3.9531
7750.00,2.1765
7812.50,7.2335
7875.00,11.0446
7937.50,7.2823
airflow(m/s),4.77
clocktime,143217

0.00,16960.4191
62.50,6978.6864
125.00,288.6711
187.50,265.5241
250.00,183.7165
312.50,119.0945
375.00,46.4106
437.50,55.6222
500.00,83.0847
562.50,71.7946
625.00,32.9505
687.50,71.9806
750.00,65.5003
812.50,39.5406
875.00,52.0868
937.50,87.1995
1000.00,68.0089
1062.50,30.4800
1125.00,30.7871
1187.50,23.2425
1250.00,25.8712
1312.50,59.7678
1375.00,22.6367
1437.50,31.5201
1500.00,34.1443
1562.50,31.1281
1625.00,49.7947
1687.50,35.3332
1750.00,11.4897
1812.50,55.1229
1875.00,71.6284
1937.50,48.4337
2000.00,36.3096
2062.50,50.5699
2125.00,40.3443
2187.50,49.8886
2250.00,21.3653
2312.50,14.2534
2375.00,8.6534
2437.50,15.6863
2500.00,36.6016
2562.50,34.9852
2625.00,33.5265
2687.50,18.4376
2750.00,22.9994
2812.50,21.1950
2875.00,55.2838
2937.50,87.3538
3000.00,51.0334
3062.50,50.4293
3125.00,39.0608
3187.50,19.9142
3250.00,51.0103
3312.50,13.2420
3375.00,27.5925
3437.50,6.7356
3500.00,37.7554
3562.50,53.8379
3625.00,31.0558
3687.50,37.1614
3750.00,32.3415
3812.50,19.0729
3875.00,7.6482
3937.50,2.1785
4000.00,5.3702
4062.50,5.9360
4125.00,3.5481
4187.50,16.1495
4250.00,17.4746
4312.50,15.1600
4375.00,10.4129
4437.50,9.5214
4500.00,28.2666
4562.50,26.9998
4625.00,45.1410
4687.50,62.0303
4750.00,54.0175
4812.50,93.6281
4875.00,84.0057
4937.50,48.9377
5000.00,76.9797
5062.50,97.9013
5125.00,66.1175
5187.50,38.9148
5250.00,24.7876
5312.50,8.1124
5375.00,19.5431
5437.50,68.8593
5500.00,90.2058
5562.50,12.4266
5625.00,36.1425
5687.50,24.3379
5750.00,1.8529
5812.50,16.1748
5875.00,27.4588
5937.50,58.8183
6000.00,89.9511
6062.50,66.3241
6125.00,117.7519
6187.50,105.4194
6250.00,49.7478
6312.50,85.3313
6375.00,91.6523
6437.50,93.4459
6500.00,57.5677
6562.50,92.8415
6625.00,54.6803
6687.50,40.9978
6750.00,24.2540
6812.50,23.7857
6875.00,12.4825
6937.50,25.3925
7000.00,22.8284
7062.50,22.8111
7125.00,57.4244
7187.50,13.2097
7250.00,59.9218
7312.50,70.3235
7375.00,36.4618
7437.50,104.5162
7500.00,116.8776
7562.50,144.9929
7625.00,157.9715
7687.50,111.4566
7750.00,80.3750
7812.50,26.5162
7875.00,9.1378
7937.50,8.0595
airflow(m/s),5.45
clocktime,28329

0.00,4128.2731
62.50,2130.6245
125.00,398.5460
187.50,109.6590
250.00,126.8424
312.50,38.9387
375.00,8.9888
437.50,68.7117
500.00,30.4082
562.50,16.2059
625.00,49.2079
687.50,29.8672
750.00,64.4796
812.50,60.0830
875.00,13.2387
937.50,46.7151
1000.00,33.5954
1062.50,16.9581
1125.00,12.7448
1187.50,12.0255
1250.00,13.2004
1312.50,7.3923
1375.00,20.0182
1437.50,8.9508
1500.00,9.8709
1562.50,18.6836
1625.00,20.2057
1687.50,17.3459
1750.00,8.7915
1812.50,8.4838
1875.00,14.6025
1937.50,12.7879
2000.00,17.0012
2062.50,18.1230
2125.00,0.7629
2187.50,17.9044
2250.00,17.4288
2312.50,9.0355
2375.00,28.5436
2437.50,33.6720
2500.00,6.0559
2562.50,28.3585
2625.00,44.2413
2687.50,15.3237
2750.00,24.7499
2812.50,36.2577
2875.00,35.7883
2937.50,2.6998
3000.00,9.8819
3062.50,16.5702
3125.00,5.8252
3187.50,7.3977
3250.00,13.1251
3312.50,11.8924
3375.00,11.0084
3437.50,13.3837
3500.00,4.7116
3562.50,9.5331
3625.00,7.5622
3687.50,12.4763
3750.00,6.2758
3812.50,15.0024
3875.00,16.1907
3937.50,6.5926
4000.00,12.2348
4062.50,10.9256
4125.00,2.1742
4187.50,8.0395
4250.00,10.4884
4312.50,5.1292
4375.00,8.1792
4437.50,11.1236
4500.00,6.1181
4562.50,11.8139
4625.00,13.8149
4687.50,4.7025
4750.00,8.7784
4812.50,7.5007
4875.00,6.2714
4937.50,11.2203
5000.00,10.8091
5062.50,15.0413
5125.00,6.5637
5187.50,2.6417
5250.00,9.3938
5312.50,4.9638
5375.00,5.4985
5437.50,3.2277
5500.00,9.6829
5562.50,3.7973
5625.00,2.5555
5687.50,13.8243
5750.00,3.7807
5812.50,10.0697
5875.00,13.0646
5937.50,5.8080
6000.00,6.2883
6062.50,8.8176
6125.00,15.3994
6187.50,4.6785
6250.00,12.9026
6312.50,10.7685
6375.00,5.9267
6437.50,11.5189
6500.00,6.4708
6562.50,7.9788
6625.00,12.0291
6687.50,11.3259
6750.00,10.8361
6812.50,6.8907
6875.00,6.4867
6937.50,4.1126
7000.00,7.2648
7062.50,15.9587
7125.00,5.1982
7187.50,13.2062
7250.00,15.3206
7312.50,3.7279
7375.00,13.0349
7437.50,11.8988
7500.00,4.5286
7562.50,14.6272
7625.00,20.3730
7687.50,7.9125
7750.00,12.6519
7812.50,12.8859
7875.00,6.4539
7937.50,8.2164
airflow(m/s),7.38
clocktime,57847

0.00,5025.6292
62.50,2506.7645
125.00,297.4731
187.50,93.4377
250.00,61.3419
312.50,87.5042
375.00,104.1815
437.50,37.9242
500.00,45.8026
562.50,39.0728
625.00,47.8699
687.50,20.6342
750.00,33.9814
812.50,33.3210
875.00,45.6675
937.50,49.1038
1000.00,53.1208
1062.50,36.1292
1125.00,21.8845
1187.50,7.4485
1250.00,25.3174
1312.50,13.4712
1375.00,30.7048
1437.50,44.5636
1500.00,29.9552
1562.50,28.9271
1625.00,13.0037
1687.50,5.6331
1750.00,12.1386
1812.50,25.3025
1875.00,19.5182
1937.50,19.0740
2000.00,22.5681
2062.50,17.6417
2125.00,11.8460
2187.50,36.5459
2250.00,31.2864
2312.50,15.1704
2375.00,45.7557
2437.50,50.5147
2500.00,55.4074
2562.50,67.7606
2625.00,55.6910
2687.50,25.9301
2750.00,28.9140
2812.50,19.1591
2875.00,32.7162
2937.50,58.2620
3000.00,44.1620
3062.50,25.7673
3125.00,18.9470
3187.50,48.4700
3250.00,67.1725
3312.50,74.6580
3375.00,52.5171
3437.50,27.4903
3500.00,10.8251
3562.50,0.1993
3625.00,9.6753
3687.50,11.3287
3750.00,20.8306
3812.50,26.1969
3875.00,29.5071
3937.50,29.6690
4000.00,27.5505
4062.50,22.4962
4125.00,7.8480
4187.50,10.2111
4250.00,7.3987
4312.50,16.7464
4375.00,20.5090
4437.50,18.4217
4500.00,9.6600
4562.50,10.5329
4625.00,12.6958
4687.50,25.9274
4750.00,20.8231
4812.50,12.5414
4875.00,7.7062
4937.50,5.9473
5000.00,8.6094
5062.50,11.9427
5125.00,6.8027
5187.50,13.1601
5250.00,13.9648
5312.50,15.4281
5375.00,11.5172
5437.50,7.5323
5500.00,8.3988
5562.50,17.2614
5625.00,12.5275
5687.50,4.7666
5750.00,6.6739
5812.50,12.4607
5875.00,15.5943
5937.50,18.1944
6000.00,20.5635
6062.50,9.6056
6125.00,7.0017
6187.50,8.4611
6250.00,13.3247
6312.50,15.8785
6375.00,14.3420
6437.50,11.2287
6500.00,2.7909
6562.50,6.7449
6625.00,8.5155
6687.50,6.1292
6750.00,7.8655
6812.50,11.0394
6875.00,6.3930
6937.50,13.3083
7000.00,13.4156
7062.50,34.5144
7125.00,22.7832
7187.50,6.1106
7250.00,4.7164
7312.50,16.6150
7375.00,15.3053
7437.50,13.0598
7500.00,5.4923
7562.50,18.7784
7625.00,8.8250
7687.50,11.1854
7750.00,6.6921
7812.50,6.3600
7875.00,9.4869
7937.50,5.9499
airflow(m/s),4.86
clocktime,87469

0.00,6373.6163
62.50,2489.3215
125.00,215.2372
187.50,69.3955
250.00,114.5316
312.50,38.8072
375.00,37.1722
437.50,29.8953
500.00,38.8506
562.50,127.7820
625.00,57.8097
687.50,164.8501
750.00,94.7281
812.50,140.8597
875.00,175.6093
937.50,134.8451
1000.00,113.6715
1062.50,63.0569
1125.00,18.4397
1187.50,25.0728
1250.00,11.3986
1312.50,37.1760
1375.00,16.7739
1437.50,33.4750
1500.00,10.2637
1562.50,5.4581
1625.00,18.0728
1687.50,30.8782
1750.00,31.0017
1812.50,33.5910
1875.00,56.0281
1937.50,42.7613
2000.00,41.7518
2062.50,4.9967
2125.00,33.2589
2187.50,22.2523
2250.00,26.8464
2312.50,11.0738
2375.00,22.0918
2437.50,20.2954
2500.00,16.0085
2562.50,46.7895
2625.00,78.2787
2687.50,52.9923
2750.00,21.2988
2812.50,28.1181
2875.00,35.8283
2937.50,31.8903
3000.00,74.3621
3062.50,66.7492
3125.00,68.6695
3187.50,63.7172
3250.00,44.8554
3312.50,31.0051
3375.00,32.7737
3437.50,13.6030
3500.00,24.4920
3562.50,5.1305
3625.00,37.6292
3687.50,47.7838
3750.00,24.3983
3812.50,9.2691
3875.00,23.3008
3937.50,28.1408
4000.00,29.6370
4062.50,20.1284
4125.00,21.4788
4187.50,39.2702
4250.00,22.2614
4312.50,60.0447
4375.00,25.2379
4437.50,24.0095
4500.00,23.1746
4562.50,4.3617
4625.00,27.1542
4687.50,58.0647
4750.00,31.2849
4812.50,12.8758
4875.00,39.6801
4937.50,64.2628
5000.00,33.5774
5062.50,29.6503
5125.00,50.7927
5187.50,32.1149
5250.00,38.2635
5312.50,11.8898
5375.00,35.6532
5437.50,44.5278
5500.00,22.0719
5562.50,8.4703
5625.00,34.2606
5687.50,33.0799
5750.00,50.0876
5812.50,67.6141
5875.00,23.3844
5937.50,59.0349
6000.00,21.0940
6062.50,34.0615
6125.00,47.6691
6187.50,10.1360
6250.00,23.2744
6312.50,26.0629
6375.00,39.9400
6437.50,66.0385
6500.00,49.3711
6562.50,20.9027
6625.00,44.1713
6687.50,44.5978
6750.00,69.1569
6812.50,78.3965
6875.00,50.5352
6937.50,61.1482
7000.00,22.1608
7062.50,74.0455
7125.00,146.0751
7187.50,117.7972
7250.00,75.3482
7312.50,128.2713
7375.00,102.5315
7437.50,16.1116
7500.00,89.5335
7562.50,101.8339
7625.00,117.4562
7687.50,134.6718
7750.00,126.6484
7812.50,78.0908
7875.00,65.9779
7937.50,32.8019
airflow(m/s),5.05
clocktime,117250

0.00,1779.7991
62.50,1924.2406
125.00,400.5686
187.50,156.7260
250.00,221.8855
312.50,265.5814
375.00,200.0709
437.50,187.8462
500.00,136.0333
562.50,208.8345
625.00,115.0471
687.50,33.8579
750.00,49.6506
812.50,115.3848
875.00,15.5359
937.50,127.8016
1000.00,208.6661
1062.50,111.0999
1125.00,46.6868
1187.50,66.5119
1250.00,235.1177
1312.50,423.2359
1375.00,339.7658
1437.50,315.9848
1500.00,321.2582
1562.50,313.4400
1625.00,152.1693
1687.50,157.6618
1750.00,304.1103
1812.50,384.5884
1875.00,310.7996
1937.50,200.3204
2000.00,140.8546
2062.50,112.7411
2125.00,34.3140
2187.50,79.5582
2250.00,85.0828
2312.50,156.4340
2375.00,198.0924
2437.50,222.6594
2500.00,235.5525
0.00,60526.0826
62.50,25938.4915
125.00,279.7110
187.50,129.7638
250.00,67.0892
312.50,44.9216
375.00,14.3058
437.50,66.4111
500.00,61.3008
562.50,55.3263
625.00,9.9712
687.50,21.0500
750.00,24.6673
812.50,26.4911
875.00,33.0103
937.50,15.1218
1000.00,7.4349
1062.50,15.9672
1125.00,15.4079
1187.50,13.2648
1250.00,4.1254
1312.50,11.8397
1375.00,2.3758
1437.50,15.9978
1500.00,4.8742
1562.50,7.8085
1625.00,8.7410
1687.50,13.9036
1750.00,7.8184
1812.50,4.0467
1875.00,4.5726
1937.50,5.1879
2000.00,11.2971
2062.50,5.3640
2125.00,0.5527
2187.50,8.7633
2250.00,3.6900
2312.50,5.6953
2375.00,11.0003
2437.50,6.2793
2500.00,6.5272
2562.50,13.7972
2625.00,2.8877
2687.50,6.3151
2750.00,8.9132
2812.50,1.0865
2875.00,5.6006
2937.50,10.2065
3000.00,5.4353
3062.50,7.5128
3125.00,3.2898
3187.50,2.9801
3250.00,10.9529
3312.50,7.6103
3375.00,8.4142
3437.50,0.2710
3500.00,4.6607
3562.50,3.8424
3625.00,2.9953
3687.50,9.8851
3750.00,4.0082
3812.50,6.0193
3875.00,0.9626
3937.50,5.2806
4000.00,3.7293
4062.50,4.4114
4125.00,5.1266
4187.50,4.5580
4250.00,1.5023
4312.50,7.2549
4375.00,4.4068
4437.50,4.5608
4500.00,6.4854
4562.50,2.8915
4625.00,3.9258
4687.50,7.8909
4750.00,0.6308
4812.50,1.9046
4875.00,2.3823
4937.50,2.9873
5000.00,5.5163
5062.50,2.6551
5125.00,3.1953
5187.50,4.9343
5250.00,2.3582
5312.50,0.9140
5375.00,9.2183
5437.50,7.0230
5500.00,9.2241
5562.50,1.9622
5625.00,6.3873
5687.50,4.0812
5750.00,2.6924
5812.50,3.1539
5875.00,2.1682
5937.50,5.1011
6000.00,3.3673
6062.50,6.1619
6125.00,8.7998
6187.50,5.2004
6250.00,4.8204
6312.50,2.8218
6375.00,5.9011
6437.50,3.4047
6500.00,6.3012
6562.50,9.1981
6625.00,5.5498
6687.50,8.2527
6750.00,2.2061
6812.50,0.4401
6875.00,2.8596
6937.50,7.1667
7000.00,6.0503
7062.50,2.3990
7125.00,5.2378
7187.50,1.2548
7250.00,2.6702
7312.50,9.4943
7375.00,7.9677
7437.50,4.6655
7500.00,1.9379
7562.50,4.5161
7625.00,8.7759
7687.50,8.3410
7750.00,8.1161
7812.50,1.4843
7875.00,5.9759
7937.50,4.5547
airflow(m/s),3.90
clocktime,28109

0.00,3736.1031
62.50,1929.8050
125.00,368.4377
187.50,175.6167
250.00,74.4262
312.50,86.7916
375.00,7.2603
437.50,21.7784
500.00,21.8650
562.50,44.2515
625.00,12.5443
687.50,45.0336
750.00,36.2799
812.50,34.5196
875.00,22.8223
937.50,18.5778
1000.00,19.3977
1062.50,7.6522
1125.00,21.5049
1187.50,11.4021
1250.00,19.8233
1312.50,10.2534
1375.00,1.5047
1437.50,7.3918
1500.00,11.1964
1562.50,3.2464
1625.00,7.1516
1687.50,5.8505
1750.00,4.3093
1812.50,7.3068
1875.00,6.4339
1937.50,5.0040
2000.00,7.4415
2062.50,5.3936
2125.00,4.5603
2187.50,3.9856
2250.00,8.0235
2312.50,4.0782
2375.00,6.5413
2437.50,6.4091
2500.00,7.4911
2562.50,12.4017
2625.00,4.1710
2687.50,4.4683
2750.00,5.6771
2812.50,2.9330
2875.00,4.8262
2937.50,4.1614
3000.00,3.1110
3062.50,6.2923
3125.00,6.6504
3187.50,4.2018
3250.00,4.0538
3312.50,6.5545
3375.00,7.0986
3437.50,3.4859
3500.00,2.4310
3562.50,7.8322
3625.00,12.4067
3687.50,8.9462
3750.00,2.1806
3812.50,3.7295
3875.00,5.8304
3937.50,3.7037
4000.00,8.1769
4062.50,3.9088
4125.00,4.7129
4187.50,4.6467
4250.00,8.1596
4312.50,7.5153
4375.00,6.1129
4437.50,1.4748
4500.00,4.6108
4562.50,5.8035
4625.00,3.9443
4687.50,6.5217
4750.00,4.0841
4812.50,5.7740
4875.00,3.6962
4937.50,7.3487
5000.00,1.4527
5062.50,3.7026
5125.00,8.2161
5187.50,4.5254
5250.00,3.1566
5312.50,3.0149
5375.00,4.7264
5437.50,3.6987
5500.00,6.4687
5562.50,3.8497
5625.00,5.2171
5687.50,9.5543
5750.00,3.2868
5812.50,2.2966
5875.00,5.8815
5937.50,4.7777
6000.00,3.5496
6062.50,2.0187
6125.00,6.4562
6187.50,1.6200
6250.00,9.0199
6312.50,6.7154
6375.00,7.4467
6437.50,9.2681
6500.00,5.9667
6562.50,4.8738
6625.00,7.9627
6687.50,8.6297
6750.00,5.5282
6812.50,0.4834
6875.00,2.5537
6937.50,6.3326
7000.00,4.0683
7062.50,8.1501
7125.00,5.2448
7187.50,1.5332
7250.00,4.6625
7312.50,7.6601
7375.00,6.2532
7437.50,2.5446
7500.00,6.3546
7562.50,7.9626
7625.00,4.7041
7687.50,6.6807
7750.00,0.6578
7812.50,2.6537
7875.00,5.4143
7937.50,6.8686
airflow(m/s),4.86
clocktime,61670

0.00,1392.0013
62.50,958.7124
125.00,166.4970
187.50,88.4458
250.00,98.9012
312.50,39.4573
375.00,31.4636
437.50,26.9912
500.00,21.5027
562.50,25.1859
625.00,9.0565
687.50,8.6139
750.00,8.2370
812.50,4.3494
875.00,13.2527
937.50,8.0392
1000.00,9.5318
1062.50,5.1526
1125.00,4.1463
1187.50,4.6286
1250.00,5.1816
1312.50,5.0163
1375.00,8.4657
1437.50,1.5406
1500.00,2.8806
1562.50,2.1829
1625.00,6.9188
1687.50,3.9264
1750.00,8.0201
1812.50,4.6498
1875.00,2.0731
1937.50,9.1068
2000.00,5.9310
2062.50,2.5844
2125.00,1.4837
2187.50,3.8483
2250.00,10.9363
2312.50,6.4845
2375.00,10.2161
2437.50,9.9228
2500.00,7.2920
2562.50,5.6524
2625.00,1.2270
2687.50,3.2387
2750.00,6.5016
2812.50,6.0373
2875.00,5.1941
2937.50,1.4246
3000.00,2.6381
3062.50,5.3892
3125.00,7.3859
3187.50,1.6399
3250.00,1.6420
3312.50,3.6818
3375.00,4.6126
3437.50,4.6139
3500.00,6.5622
3562.50,2.1919
3625.00,1.1835
3687.50,5.0427
3750.00,4.8626
3812.50,1.7524
3875.00,5.7236
3937.50,7.5354
4000.00,6.8026
4062.50,5.9511
4125.00,5.8038
4187.50,4.7986
4250.00,6.0525
4312.50,5.9769
4375.00,3.8004
4437.50,7.0348
4500.00,2.8383
4562.50,4.3720
4625.00,5.0417
4687.50,3.9751
4750.00,2.5992
4812.50,3.8431
4875.00,3.8677
4937.50,2.5228
5000.00,0.5757
5062.50,3.3095
5125.00,4.4642
5187.50,3.7976
5250.00,1.5807
5312.50,3.4039
5375.00,2.4936
5437.50,4.7166
5500.00,1.7092
5562.50,2.2810
5625.00,3.2571
5687.50,3.2663
5750.00,2.5116
5812.50,4.6729
5875.00,5.8175
5937.50,10.5623
6000.00,9.9401
6062.50,1.9947
6125.00,2.0430
6187.50,5.0640
6250.00,4.4444
6312.50,1.9837
6375.00,5.1516
6437.50,5.9570
6500.00,3.8005
6562.50,5.6680
6625.00,5.7296
6687.50,5.3355
6750.00,6.9593
6812.50,1.3588
6875.00,8.4971
6937.50,5.9898
7000.00,4.5850
7062.50,3.8206
7125.00,2.5421
7187.50,2.3849
7250.00,6.4755
7312.50,5.8338
7375.00,10.3135
7437.50,10.3108
7500.00,5.1453
7562.50,2.5181
7625.00,3.2894
7687.50,2.0323
7750.00,3.1402
7812.50,2.0042
7875.00,1.4958
7937.50,3.0720
airflow(m/s),6.31
clocktime,95557

0.00,2671.8866
62.50,1269.6559
125.00,129.3207
187.50,86.9266
250.00,47.1764
312.50,57.9573
375.00,69.0928
437.50,103.2729
500.00,48.2856
562.50,5.0465
625.00,13.2591
687.50,6.2668
750.00,4.6072
812.50,12.9818
875.00,9.1982
937.50,13.2847
1000.00,19.0918
1062.50,5.5505
1125.00,4.8858
1187.50,6.6959
1250.00,2.0343
1312.50,9.6778
1375.00,6.2524
1437.50,6.9211
1500.00,5.3360
1562.50,7.2796
1625.00,9.1140
1687.50,12.5708
1750.00,9.0333
1812.50,5.6032
1875.00,7.6363
1937.50,1.7934
2000.00,6.3256
2062.50,4.4554
2125.00,8.7128
2187.50,11.8407
2250.00,7.4188
2312.50,3.1858
2375.00,4.1302
2437.50,4.9434
2500.00,5.8400
2562.50,1.1928
2625.00,3.3630
2687.50,2.6425
2750.00,6.9663
2812.50,4.8681
2875.00,8.0644
2937.50,4.0275
3000.00,1.4847
3062.50,2.4801
3125.00,0.7309
3187.50,2.1414
3250.00,1.6446
3312.50,3.3214
3375.00,2.3027
3437.50,4.2164
3500.00,5.3329
3562.50,6.3058
3625.00,11.6754
3687.50,8.4521
3750.00,4.7402
3812.50,3.6338
3875.00,2.7895
3937.50,3.4887
4000.00,3.3817
4062.50,5.9875
4125.00,5.1690
4187.50,0.6269
4250.00,4.2908
4312.50,0.4137
4375.00,1.1706
4437.50,5.4102
4500.00,6.1487
4562.50,11.8823
4625.00,11.2957
4687.50,5.6871
4750.00,9.2282
4812.50,3.9573
4875.00,2.2430
4937.50,7.4271
5000.00,6.6411
5062.50,1.7733
5125.00,0.4608
5187.50,6.2526
5250.00,8.3485
5312.50,8.9819
5375.00,2.3872
5437.50,1.7778
5500.00,2.2243
5562.50,2.3677
5625.00,6.4173
5687.50,3.2486
5750.00,3.0874
5812.50,2.3974
5875.00,6.1063
5937.50,11.9242
6000.00,10.9490
6062.50,5.5666
6125.00,5.3087
6187.50,3.2189
6250.00,3.3528
6312.50,2.8780
6375.00,3.2169
6437.50,3.5947
6500.00,2.8554
6562.50,2.3221
6625.00,5.2122
6687.50,6.4877
6750.00,6.6909
6812.50,6.9751
6875.00,4.1456
6937.50,2.6065
7000.00,1.3748
7062.50,3.0220
7125.00,5.9444
7187.50,3.5937
7250.00,4.0350
7312.50,6.8240
7375.00,2.3775
7437.50,0.3409
7500.00,8.8359
7562.50,10.1302
7625.00,8.5449
7687.50,6.7400
7750.00,2.9469
7812.50,4.9601
7875.00,4.9024
7937.50,4.2150
airflow(m/s),6.42
clocktime,129702

0.00,2142.5414
62.50,1061.1302
125.00,116.9867
187.50,18.5833
250.00,23.2356
312.50,59.3825
375.00,49.4305
437.50,38.6203
500.00,39.5790
562.50,25.6183
625.00,9.5091
687.50,15.5636
750.00,10.7571
812.50,19.2307
875.00,21.8026
937.50,16.4500
1000.00,7.6713
1062.50,6.9630
1125.00,13.4819
1187.50,10.3832
1250.00,6.8895
1312.50,13.4297
1375.00,3.6981
1437.50,4.1128
1500.00,12.4432
1562.50,7.5721
1625.00,6.9145
1687.50,8.9418
1750.00,4.0696
1812.50,7.2674
1875.00,1.7125
1937.50,8.1166
2000.00,6.0842
2062.50,3.2701
2125.00,0.9100
2187.50,7.6381
2250.00,4.4649
2312.50,5.1239
2375.00,4.9210
2437.50,7.4085
2500.00,2.5370
2562.50,4.7789
2625.00,3.3660
2687.50,5.7243
2750.00,1.1382
2812.50,5.3153
2875.00,2.0813
2937.50,2.2533
3000.00,2.5765
3062.50,6.2722
3125.00,3.6140
3187.50,4.0157
3250.00,6.3974
3312.50,2.9001
3375.00,3.7358
3437.50,5.5933
3500.00,1.7929
3562.50,6.2565
3625.00,1.6518
3687.50,1.7953
3750.00,6.3213
3812.50,6.4222
3875.00,4.1448
3937.50,1.3001
4000.00,3.1968
4062.50,1.8528
4125.00,5.8326
4187.50,3.4613
4250.00,7.3121
4312.50,10.3896
4375.00,4.9316
4437.50,9.5645
4500.00,6.9339
4562.50,10.4847
4625.00,9.2482
4687.50,3.9020
4750.00,1.7188
4812.50,2.3635
4875.00,4.6029
4937.50,3.3349
5000.00,3.1099
5062.50,2.7414
5125.00,3.5682
5187.50,3.2925
5250.00,7.5090
5312.50,4.4214
5375.00,2.9178
5437.50,7.0229
5500.00,12.2841
5562.50,5.7424
5625.00,1.6524
5687.50,3.0443
5750.00,5.1839
5812.50,5.2642
5875.00,6.2409
5937.50,4.5444
6000.00,2.3774
6062.50,5.5810
6125.00,6.2128
6187.50,7.4484
6250.00,7.3100
6312.50,6.2750
6375.00,4.2052
6437.50,3.8661
6500.00,2.0730
6562.50,6.9869
6625.00,7.1722
6687.50,10.9826
6750.00,9.9847
6812.50,15.2158
6875.00,8.8778
6937.50,3.7611
7000.00,1.7485
7062.50,4.5878
7125.00,3.4761
7187.50,6.9723
7250.00,3.8034
7312.50,3.1930
7375.00,8.7473
7437.50,7.3555
7500.00,8.3468
7562.50,1.7354
7625.00,3.6174
7687.50,5.0443
7750.00,3.7468
7812.50,2.5591
7875.00,2.6830
7937.50,4.2120
airflow(m/s),5.65
clocktime,164171

0.00,5003.1249
62.50,2651.6962
125.00,470.3778
187.50,149.8402
250.00,70.5927
312.50,50.1877
375.00,41.0763
437.50,21.8552
500.00,13.2150
562.50,7.7491
625.00,15.0231
687.50,24.6731
750.00,21.2252
812.50,7.5324
875.00,22.7811
937.50,10.1875
1000.00,9.6971
1062.50,9.1649
1125.00,8.8002
1187.50,12.7235
1250.00,14.4399
1312.50,13.2066
1375.00,3.8740
1437.50,8.7858
1500.00,8.5837
1562.50,4.4895
1625.00,4.2070
1687.50,1.7158
1750.00,6.9779
1812.50,1.8196
1875.00,2.8599
1937.50,7.5009
2000.00,13.8297
2062.50,10.6260
2125.00,7.4254
2187.50,7.1679
2250.00,9.2984
2312.50,8.4116
2375.00,3.4370
2437.50,6.4249
2500.00,7.5206
2562.50,1.9883
2625.00,6.0116
2687.50,5.6283
2750.00,5.1030
2812.50,7.3608
2875.00,3.3290
2937.50,2.9816
3000.00,8.1358
3062.50,8.7248
3125.00,5.2037
3187.50,3.4134
3250.00,2.6570
3312.50,6.5180
3375.00,8.5440
3437.50,3.9298
3500.00,4.2352
3562.50,7.1065
3625.00,6.0180
3687.50,1.2982
3750.00,2.3384
3812.50,3.3255
3875.00,4.7412
3937.50,3.5025
4000.00,1.6185
4062.50,2.3406
4125.00,3.5340
4187.50,4.8124
4250.00,11.6425
4312.50,5.4740
4375.00,5.2797
4437.50,2.4876
4500.00,4.4347
4562.50,3.2916
4625.00,6.4798
4687.50,12.4618
4750.00,8.4667
4812.50,15.2260
4875.00,13.0970
4937.50,9.1684
5000.00,4.4234
5062.50,6.8249
5125.00,9.5286
5187.50,4.4916
5250.00,3.4225
5312.50,4.7475
5375.00,2.2301
5437.50,2.1452
5500.00,8.3177
5562.50,4.3930
5625.00,0.5390
5687.50,6.1028
5750.00,9.9318
5812.50,7.7114
5875.00,1.3774
5937.50,7.6428
6000.00,5.1896
6062.50,4.8885
6125.00,5.3377
6187.50,1.0750
6250.00,3.0064
6312.50,4.4636
6375.00,6.3821
6437.50,7.5401
6500.00,5.5446
6562.50,3.8822
6625.00,4.5023
6687.50,7.4981
6750.00,5.0865
6812.50,4.5942
6875.00,1.6665
6937.50,4.1060
7000.00,1.5253
7062.50,3.7838
7125.00,6.8327
7187.50,5.5923
7250.00,4.4096
7312.50,11.0069
7375.00,11.0865
7437.50,3.9920
7500.00,5.2424
7562.50,4.7804
7625.00,1.9357
7687.50,4.3365
7750.00,10.0064
7812.50,10.3548
7875.00,1.5848
7937.50,6.7332
airflow(m/s),5.55
clocktime,198950

0.00,3443.1425
62.50,1935.7555
125.00,235.9448
187.50,74.1738
250.00,64.6002
312.50,26.8826
375.00,25.1238
437.50,5.3470
500.00,35.3985
562.50,9.0858
625.00,13.5349
687.50,4.2274
750.00,16.7828
812.50,14.1171
875.00,15.2721
937.50,13.0355
1000.00,7.7876
1062.50,9.4569
1125.00,13.4318
1187.50,6.8324
1250.00,5.2778
1312.50,4.4726
1375.00,12.3690
1437.50,3.9819
1500.00,5.6332
1562.50,10.3474
1625.00,3.7095
1687.50,8.6722
1750.00,6.1420
1812.50,4.8700
1875.00,7.2819
1937.50,5.4580
2000.00,4.5204
2062.50,6.1938
2125.00,4.2893
2187.50,9.9405
2250.00,7.6389
2312.50,8.2079
2375.00,5.8228
2437.50,2.6968
2500.00,4.9837
2562.50,1.4768
2625.00,3.2606
2687.50,5.5980
2750.00,1.8631
2812.50,1.6189
2875.00,6.8095
2937.50,4.1223
3000.00,7.8723
3062.50,1.6568
3125.00,2.3660
3187.50,8.4495
3250.00,8.3641
3312.50,4.6587
3375.00,7.8080
3437.50,5.3204
3500.00,4.6837
3562.50,4.7271
3625.00,7.6183
3687.50,2.8061
3750.00,1.6037
3812.50,4.8454
3875.00,3.9075
3937.50,5.7410
4000.00,0.9009
4062.50,2.2527
4125.00,4.5336
4187.50,2.4196
4250.00,5.5870
4312.50,5.8092
4375.00,2.6850
4437.50,6.4138
4500.00,5.9692
4562.50,5.1535
4625.00,4.4369
4687.50,3.8002
4750.00,11.1689
4812.50,7.1092
4875.00,1.6037
4937.50,7.0653
0.00,3512.2885
62.50,1825.9189
125.00,237.8706
187.50,56.4201
250.00,85.9092
312.50,49.6628
375.00,20.0245
437.50,46.0052
500.00,5.4748
562.50,24.0924
625.00,15.8846
687.50,21.5386
750.00,10.8001
812.50,8.2830
875.00,9.0742
937.50,7.5866
1000.00,17.5050
1062.50,13.2895
1125.00,13.5366
1187.50,20.7313
1250.00,14.8977
1312.50,6.7474
1375.00,12.8041
1437.50,4.7979
1500.00,2.7269
1562.50,8.0303
1625.00,9.3491
1687.50,1.9456
1750.00,12.3117
1812.50,5.6362
1875.00,5.0464
1937.50,10.1044
2000.00,14.4782
2062.50,9.4613
2125.00,6.2723
2187.50,1.3678
2250.00,13.3863
2312.50,11.8254
2375.00,8.0046
2437.50,7.3426
2500.00,3.0541
2562.50,3.3670
2625.00,1.5083
2687.50,5.6309
2750.00,1.7138
2812.50,7.0486
2875.00,8.4884
2937.50,6.5998
3000.00,2.7807
3062.50,3.3470
3125.00,1.8513
3187.50,5.0886
3250.00,6.8630
3312.50,9.0639
3375.00,3.0616
0.00,67645.9077
62.50,29118.3325
125.00,283.4813
187.50,84.8249
250.00,54.8549
312.50,98.5735
375.00,67.8246
437.50,47.2843
500.00,51.6978
562.50,22.9868
625.00,20.0309
687.50,26.1751
750.00,28.5764
812.50,49.7876
875.00,11.3120
937.50,8.8734
1000.00,6.2360
1062.50,28.7881
1125.00,22.4345
1187.50,35.9587
1250.00,77.7168
1312.50,58.6000
1375.00,27.1836
1437.50,9.1596
1500.00,27.1974
1562.50,30.7334
1625.00,43.8911
1687.50,25.5733
1750.00,18.8186
1812.50,16.1256
1875.00,10.9240
1937.50,21.5521
2000.00,17.4783
2062.50,23.0422
2125.00,17.8992
2187.50,24.3303
2250.00,19.7003
2312.50,7.6160
2375.00,10.5655
2437.50,4.5713
2500.00,6.0788
2562.50,13.7980
2625.00,11.1112
2687.50,11.0917
2750.00,12.4806
2812.50,6.1359
2875.00,8.1826
2937.50,12.7720
3000.00,13.7507
3062.50,14.5454
3125.00,4.8433
3187.50,1.4947
3250.00,4.7235
3312.50,2.2871
3375.00,6.1185
3437.50,4.7154
3500.00,1.6611
3562.50,2.7873
3625.00,4.8416
3687.50,4.8572
3750.00,4.4944
3812.50,14.4804
3875.00,9.5381
3937.50,7.5409
4000.00,5.2757
4062.50,3.3125
4125.00,6.0634
4187.50,4.6728
4250.00,6.5402
4312.50,4.3424
4375.00,8.8890
4437.50,4.6826
4500.00,6.0440
4562.50,7.2659
4625.00,9.7294
4687.50,7.4729
4750.00,4.5068
4812.50,1.2116
4875.00,0.7697
4937.50,7.3758
5000.00,2.2661
5062.50,5.5419
5125.00,7.4310
5187.50,4.2847
5250.00,5.1010
5312.50,11.1707
5375.00,6.3250
5437.50,2.4356
5500.00,8.3348
5562.50,4.7723
5625.00,2.7959
5687.50,2.0827
5750.00,1.2903
5812.50,9.1421
5875.00,1.5390
5937.50,3.5915
6000.00,7.1354
6062.50,2.8455
6125.00,5.2043
6187.50,7.1340
6250.00,3.9854
6312.50,3.1664
6375.00,11.1716
6437.50,6.0894
6500.00,2.2212
6562.50,6.4794
6625.00,2.4649
6687.50,4.4832
6750.00,4.9721
6812.50,6.1793
6875.00,3.1848
6937.50,2.8645
7000.00,7.1361
7062.50,5.9575
7125.00,3.1241
7187.50,0.9665
7250.00,2.2716
7312.50,6.5535
7375.00,4.1950
7437.50,6.6724
7500.00,3.2599
7562.50,4.1555
7625.00,2.7288
7687.50,10.6333
7750.00,6.9325
7812.50,8.2481
7875.00,4.9858
7937.50,1.3049
airflow(m/s),4.77
clocktime,28110

0.00,2543.1145
62.50,1542.5772
125.00,846.5863
187.50,600.7940
250.00,155.7712
312.50,114.8230
375.00,77.9974
437.50,49.0030
500.00,12.8954
562.50,6.3456
625.00,40.7210
687.50,25.9746
750.00,26.2687
812.50,8.5548
875.00,16.6834
937.50,8.1304
1000.00,19.5997
1062.50,15.9096
1125.00,16.4972
1187.50,2.5539
1250.00,18.5690
1312.50,6.1028
1375.00,5.5181
1437.50,10.5629
1500.00,2.9597
1562.50,3.8472
1625.00,6.5927
1687.50,8.0906
1750.00,2.5913
1812.50,6.2828
1875.00,10.5522
1937.50,3.0607
2000.00,6.1115
2062.50,8.6373
2125.00,1.0520
2187.50,6.0322
2250.00,3.6696
2312.50,2.0470
2375.00,4.2484
2437.50,6.5377
2500.00,3.3975
2562.50,3.9884
2625.00,4.6279
2687.50,4.1295
2750.00,6.3044
2812.50,5.5110
2875.00,3.1998
2937.50,1.3809
3000.00,4.5998
3062.50,6.3217
3125.00,3.4681
3187.50,4.4503
3250.00,7.9470
3312.50,7.9543
3375.00,4.7435
3437.50,4.5577
3500.00,2.0986
3562.50,4.6654
3625.00,6.1186
3687.50,4.7547
3750.00,4.2581
3812.50,2.4591
3875.00,1.9622
3937.50,3.2564
4000.00,1.5771
4062.50,12.8807
4125.00,9.0751
4187.50,5.9279
4250.00,4.0793
4312.50,3.3394
4375.00,5.0666
4437.50,7.0072
4500.00,3.9022
4562.50,4.6625
4625.00,7.6451
4687.50,4.8308
4750.00,9.1157
4812.50,4.7475
4875.00,2.6464
4937.50,5.4828
5000.00,2.9810
5062.50,3.5096
5125.00,0.0890
5187.50,3.8223
5250.00,7.1542
5312.50,11.8247
5375.00,9.1132
5437.50,5.8944
5500.00,3.1842
5562.50,4.3833
5625.00,6.8938
5687.50,1.9668
5750.00,1.3797
5812.50,1.1099
5875.00,4.7154
5937.50,3.3584
6000.00,6.6595
6062.50,6.2623
6125.00,1.5163
6187.50,2.5426
6250.00,3.5687
6312.50,3.6720
6375.00,3.3410
6437.50,6.3751
6500.00,5.7283
6562.50,4.9261
6625.00,4.9421
6687.50,4.6683
6750.00,3.8329
6812.50,6.1887
6875.00,5.1278
6937.50,4.7174
7000.00,6.4145
7062.50,1.9313
7125.00,3.8274
7187.50,7.0606
7250.00,3.0630
7312.50,7.3291
7375.00,7.3042
7437.50,4.9519
7500.00,1.5909
7562.50,5.0035
7625.00,1.8084
7687.50,3.6342
7750.00,2.1206
7812.50,1.5253
7875.00,3.4472
7937.50,4.9420
airflow(m/s),4.15
clocktime,63763

0.00,367.3911
62.50,385.4096
125.00,233.5428
187.50,157.3893
250.00,46.3079
312.50,28.8980
375.00,21.9793
437.50,10.0494
500.00,16.1771
562.50,29.4185
625.00,41.9765
687.50,24.4573
750.00,13.7126
812.50,11.4011
875.00,24.6368
937.50,18.6998
1000.00,14.3006
1062.50,18.8779
1125.00,17.8003
1187.50,10.6758
1250.00,1.1178
1312.50,10.0467
1375.00,10.0640
1437.50,1.5051
1500.00,4.4870
1562.50,3.2712
1625.00,6.3889
1687.50,7.5948
1750.00,3.7349
1812.50,8.3971
1875.00,9.0798
1937.50,10.4047
2000.00,7.4861
2062.50,0.4453
2125.00,6.7400
2187.50,6.4162
2250.00,5.0755
2312.50,5.8974
2375.00,0.9070
2437.50,1.3925
2500.00,7.1757
2562.50,5.1077
2625.00,3.0951
2687.50,3.9675
2750.00,3.9323
2812.50,3.5100
2875.00,3.0627
2937.50,3.0232
3000.00,3.0694
3062.50,0.3591
3125.00,2.6335
3187.50,4.6452
3250.00,2.9371
3312.50,5.5884
3375.00,7.7470
3437.50,6.1068
3500.00,2.3462
3562.50,9.8529
3625.00,11.2225
3687.50,5.2195
3750.00,2.7962
3812.50,2.3494
3875.00,5.0468
3937.50,5.4937
4000.00,0.8172
4062.50,5.7555
4125.00,6.8330
4187.50,11.3295
4250.00,8.3433
4312.50,1.3200
4375.00,4.4948
4437.50,5.5225
4500.00,3.5939
4562.50,3.0687
4625.00,4.3982
4687.50,4.4539
4750.00,3.4041
4812.50,4.0035
4875.00,2.2829
4937.50,6.5293
5000.00,6.2139
5062.50,2.5618
5125.00,3.1059
5187.50,7.3894
5250.00,7.8032
5312.50,4.9791
5375.00,4.3829
5437.50,3.6821
5500.00,5.0505
5562.50,6.6074
5625.00,5.6539
5687.50,7.0511
5750.00,7.8060
5812.50,3.1368
5875.00,2.4290
5937.50,2.6020
6000.00,6.6358
6062.50,2.4754
6125.00,3.6323
6187.50,2.4041
6250.00,2.8706
6312.50,2.6181
6375.00,4.4837
6437.50,4.3808
6500.00,5.9479
6562.50,7.4492
6625.00,7.9418
6687.50,8.2127
6750.00,7.3884
6812.50,1.5623
6875.00,0.2412
6937.50,1.7843
7000.00,3.1035
7062.50,8.8570
7125.00,6.8698
7187.50,4.2850
7250.00,7.5576
7312.50,10.3859
7375.00,4.5312
7437.50,5.0558
7500.00,2.4304
7562.50,3.9250
7625.00,4.9335
7687.50,3.1225
7750.00,1.5107
7812.50,2.8905
7875.00,3.4367
7937.50,4.5066
airflow(m/s),3.22
clocktime,99706

0.00,374.5275
62.50,406.0243
125.00,145.2529
187.50,132.1013
250.00,69.0556
312.50,18.6579
375.00,43.1525
437.50,22.4055
500.00,28.4865
562.50,8.6801
625.00,8.2552
687.50,17.9011
750.00,9.9215
812.50,15.1575
875.00,15.1731
937.50,13.9202
1000.00,19.2141
1062.50,28.6382
1125.00,23.3930
1187.50,27.4066
1250.00,18.9788
1312.50,11.4340
1375.00,6.5537
1437.50,5.5248
1500.00,3.7561
1562.50,1.6367
1625.00,7.5922
1687.50,6.5644
1750.00,4.2399
1812.50,7.6557
1875.00,8.2471
1937.50,2.8688
2000.00,10.6843
2062.50,3.2027
2125.00,4.6602
2187.50,7.9181
2250.00,2.9922
2312.50,6.0678
2375.00,7.4453
2437.50,6.7668
2500.00,8.4190
2562.50,7.2703
2625.00,5.9501
2687.50,9.8880
2750.00,9.9501
2812.50,6.8285
2875.00,2.0122
2937.50,1.1662
3000.00,4.7584
3062.50,5.0489
3125.00,10.3214
3187.50,11.0348
3250.00,3.1698
3312.50,6.2758
3375.00,4.6402
3437.50,4.5759
3500.00,1.6548
3562.50,1.8692
3625.00,4.0802
3687.50,3.2868
3750.00,2.2892
3812.50,6.3358
3875.00,2.8422
3937.50,8.2813
4000.00,9.4685
4062.50,3.6819
4125.00,3.5877
4187.50,1.5200
4250.00,4.7558
4312.50,0.1802
4375.00,3.5785
4437.50,2.7939
4500.00,0.9651
4562.50,0.5043
4625.00,6.5663
4687.50,1.3880
4750.00,5.3376
4812.50,3.1863
4875.00,5.9249
4937.50,12.2877
5000.00,8.0729
5062.50,0.5176
5125.00,1.4694
5187.50,5.1520
5250.00,6.5718
5312.50,7.9064
5375.00,1.7567
5437.50,5.1347
5500.00,3.6900
5562.50,2.3102
5625.00,3.2151
5687.50,1.1658
5750.00,4.6144
5812.50,4.7841
5875.00,9.0576
5937.50,3.6809
6000.00,3.8337
6062.50,6.6852
6125.00,3.6930
6187.50,5.5711
6250.00,5.0998
6312.50,3.6258
6375.00,5.8946
6437.50,7.9681
6500.00,4.8919
6562.50,5.9353
6625.00,8.7274
6687.50,8.8573
6750.00,6.0031
6812.50,1.9021
6875.00,3.9585
6937.50,3.5932
7000.00,2.9115
7062.50,5.2621
7125.00,5.8878
7187.50,4.0986
7250.00,4.6397
7312.50,4.4550
7375.00,3.4198
7437.50,6.0362
7500.00,8.1728
7562.50,1.6749
7625.00,5.5705
7687.50,5.0098
7750.00,4.3241
7812.50,2.4059
7875.00,3.2683
7937.50,3.4774
airflow(m/s),3.66
clocktime,136881

0.00,1240.1511
62.50,1085.3091
125.00,633.1373
187.50,226.5991
250.00,191.3012
312.50,143.5518
375.00,92.1516
437.50,39.9738
500.00,45.8709
562.50,35.3902
625.00,19.5909
687.50,12.6431
750.00,5.6717
812.50,1.7717
875.00,26.6314
937.50,19.8738
1000.00,10.4229
1062.50,21.2456
1125.00,27.6511
1187.50,14.8809
1250.00,4.5213
0.00,52690.6717
62.50,22733.8156
125.00,240.7736
187.50,133.4975
250.00,62.7914
312.50,91.5956
375.00,64.7349
437.50,51.4123
500.00,12.5832
562.50,25.6288
625.00,21.7151
687.50,24.6212
750.00,27.5105
812.50,34.1904
875.00,8.9491
937.50,16.2427
1000.00,14.5893
1062.50,20.6962
1125.00,6.3693
1187.50,22.4193
1250.00,12.2468
1312.50,20.1638
1375.00,8.5245
1437.50,6.7896
1500.00,11.7461
1562.50,27.8282
1625.00,10.6788
1687.50,10.0312
1750.00,9.1271
1812.50,5.7141
1875.00,15.8981
1937.50,3.1554
2000.00,17.8002
2062.50,11.8928
2125.00,7.2831
2187.50,3.2995
2250.00,9.0156
2312.50,8.5418
2375.00,16.5338
2437.50,14.9462
2500.00,1.9404
2562.50,9.7449
2625.00,21.6767
2687.50,7.6349
2750.00,6.9126
2812.50,34.7638
2875.00,16.4511
2937.50,6.0553
3000.00,14.7093
3062.50,10.2288
3125.00,5.9065
3187.50,9.8447
3250.00,6.9675
3312.50,13.0012
3375.00,5.3223
3437.50,13.8245
3500.00,8.3177
3562.50,9.1930
3625.00,18.0901
3687.50,15.4634
3750.00,10.8012
3812.50,21.3968
3875.00,31.9578
3937.50,3.3468
4000.00,13.4663
4062.50,15.6207
4125.00,17.5544
4187.50,10.2526
4250.00,9.1804
4312.50,2.1349
4375.00,19.2250
4437.50,33.5655
4500.00,41.9709
4562.50,27.7178
4625.00,45.7681
4687.50,37.1633
4750.00,15.2035
4812.50,19.6949
4875.00,24.6292
4937.50,7.4464
5000.00,24.3030
5062.50,15.9826
5125.00,12.7299
5187.50,12.6814
5250.00,25.9008
5312.50,33.5395
5375.00,0.1398
5437.50,6.8904
5500.00,12.9345
5562.50,19.1936
5625.00,37.5495
5687.50,26.4142
5750.00,14.1162
5812.50,25.5714
5875.00,24.8271
5937.50,10.6227
6000.00,12.7839
6062.50,24.1222
6125.00,13.6533
6187.50,5.3830
6250.00,22.2052
6312.50,22.5734
6375.00,14.6308
6437.50,19.5647
6500.00,13.1531
6562.50,16.6777
6625.00,36.5540
6687.50,20.0015
6750.00,12.4091
6812.50,8.5639
6875.00,13.0712
6937.50,29.1811
7000.00,31.9236
7062.50,27.1483
7125.00,31.6017
7187.50,11.3013
7250.00,38.5800
7312.50,100.2757
7375.00,145.5090
7437.50,165.7590
7500.00,120.5837
7562.50,49.9477
7625.00,20.8170
7687.50,18.0877
7750.00,50.2719
7812.50,36.4425
7875.00,74.3715
7937.50,43.0708
airflow(m/s),4.32
clocktime,28130

0.00,6677.7080
62.50,2878.7416
125.00,115.7102
187.50,244.9489
250.00,230.3415
312.50,179.0983
375.00,33.7597
437.50,154.8929
500.00,124.1445
562.50,82.8266
625.00,132.2980
687.50,113.2687
750.00,123.6447
812.50,67.1401
875.00,36.9827
937.50,20.7837
1000.00,31.6154
1062.50,29.5293
1125.00,62.1537
1187.50,56.0866
1250.00,74.6336
1312.50,64.6385
1375.00,2.7385
1437.50,42.6293
1500.00,51.6337
1562.50,34.5829
1625.00,21.0687
1687.50,28.5784
1750.00,6.3661
1812.50,37.4281
1875.00,35.6715
1937.50,20.5095
2000.00,33.7493
2062.50,2.1671
2125.00,27.2442
2187.50,17.1806
2250.00,15.5347
2312.50,2.3521
2375.00,9.2662
2437.50,27.6203
2500.00,23.0594
2562.50,14.9928
2625.00,13.6528
2687.50,25.1885
2750.00,39.1399
2812.50,34.5141
2875.00,15.9389
2937.50,16.3887
3000.00,16.9927
3062.50,18.0172
3125.00,8.1891
3187.50,3.8863
3250.00,3.4152
3312.50,12.2027
3375.00,10.1384
3437.50,6.6146
3500.00,8.5897
3562.50,9.9453
3625.00,16.0579
3687.50,21.8296
3750.00,10.7385
3812.50,0.4848
3875.00,12.5700
3937.50,10.1364
4000.00,12.8683
4062.50,14.5605
4125.00,22.6745
4187.50,9.9392
4250.00,5.9079
4312.50,6.5382
4375.00,4.9661
4437.50,6.2712
4500.00,5.4048
4562.50,4.9713
4625.00,8.4274
4687.50,11.8357
4750.00,14.1020
4812.50,10.1666
4875.00,11.0449
4937.50,8.6676
5000.00,4.3677
5062.50,2.0289
5125.00,6.5716
5187.50,14.5177
5250.00,16.1320
5312.50,13.9378
5375.00,9.1119
5437.50,4.7063
5500.00,9.5319
5562.50,7.8325
5625.00,13.9754
5687.50,7.3213
5750.00,2.4089
5812.50,7.7164
5875.00,10.1649
5937.50,11.3222
6000.00,7.6502
6062.50,10.5958
6125.00,15.2539
6187.50,10.8420
6250.00,3.6340
6312.50,6.4890
6375.00,7.1220
6437.50,3.1297
6500.00,7.2320
6562.50,5.5804
6625.00,6.1286
6687.50,3.5532
6750.00,3.4415
6812.50,5.1160
6875.00,9.4842
6937.50,5.5606
7000.00,11.6478
7062.50,8.4891
7125.00,5.1700
7187.50,11.6341
7250.00,11.2392
7312.50,12.1067
7375.00,11.9749
7437.50,11.9070
7500.00,6.2520
7562.50,3.1311
7625.00,6.0916
7687.50,9.1532
7750.00,9.1267
7812.50,1.2151
7875.00,0.7033
7937.50,1.3132
airflow(m/s),3.29
clocktime,65012

0.00,3625.7968
62.50,1898.9848
125.00,221.7026
187.50,210.6521
250.00,92.1652
312.50,67.6170
375.00,61.8221
437.50,52.1915
500.00,26.2648
562.50,26.1187
625.00,15.3727
687.50,9.5769
750.00,10.4132
812.50,6.6289
875.00,17.0196
937.50,6.6384
1000.00,8.9913
1062.50,3.1862
1125.00,18.3216
1187.50,19.4847
1250.00,11.9937
1312.50,5.0031
1375.00,8.4302
1437.50,0.3204
1500.00,9.9850
1562.50,8.2750
1625.00,9.3700
1687.50,3.6402
1750.00,9.5534
1812.50,7.0285
1875.00,0.6868
1937.50,5.6102
2000.00,2.7000
2062.50,5.3364
2125.00,2.1124
2187.50,5.3847
2250.00,3.4434
2312.50,7.2350
2375.00,5.3902
2437.50,5.8950
2500.00,9.5101
2562.50,5.6682
2625.00,8.4047
2687.50,10.8613
2750.00,4.7058
2812.50,1.2245
2875.00,4.6742
2937.50,4.5519
3000.00,4.8321
3062.50,1.7155
3125.00,4.2047
3187.50,7.6297
3250.00,4.2932
3312.50,8.4504
3375.00,9.5435
3437.50,6.1569
3500.00,7.1653
3562.50,8.8074
3625.00,3.7215
3687.50,8.1634
3750.00,1.9066
3812.50,1.4495
3875.00,2.9553
3937.50,1.9596
4000.00,4.8162
4062.50,1.8828
4125.00,4.4899
4187.50,5.0397
4250.00,5.2359
4312.50,6.8736
4375.00,6.8718
4437.50,4.3566
4500.00,3.6052
4562.50,2.4266
4625.00,4.6469
4687.50,3.0662
4750.00,3.6042
4812.50,1.5015
4875.00,2.2122
4937.50,10.0258
5000.00,7.2902
5062.50,6.0082
5125.00,6.5084
5187.50,1.3072
5250.00,4.4730
5312.50,6.6781
5375.00,2.9101
5437.50,5.3586
5500.00,7.0786
5562.50,2.2857
5625.00,3.6915
5687.50,5.5645
5750.00,7.1032
5812.50,3.0974
5875.00,2.9080
5937.50,8.0542
6000.00,6.3348
6062.50,1.6819
6125.00,0.7854
6187.50,2.5447
6250.00,9.0769
6312.50,8.5121
6375.00,9.4003
6437.50,4.9448
6500.00,3.5054
6562.50,2.2937
6625.00,4.2858
6687.50,5.2606
6750.00,5.4551
6812.50,4.8214
6875.00,5.3898
6937.50,7.2225
7000.00,1.7176
7062.50,3.2281
7125.00,3.6027
7187.50,4.9115
7250.00,6.3889
7312.50,4.5986
7375.00,5.8267
7437.50,5.5848
7500.00,6.6879
7562.50,4.0633
7625.00,6.5450
7687.50,6.1715
7750.00,1.4650
7812.50,4.5557
7875.00,7.2801
7937.50,5.4056
airflow(m/s),4.58
clocktime,102165

0.00,2461.1336
62.50,1162.7462
125.00,162.8965
187.50,79.0715
250.00,135.9631
312.50,47.6656
375.00,11.4139
437.50,17.9823
500.00,14.6881
562.50,11.3330
625.00,14.5007
687.50,25.3435
750.00,20.0950
812.50,2.0643
875.00,3.5691
937.50,9.7961
1000.00,11.2463
1062.50,11.6862
1125.00,15.5621
1187.50,23.8158
1250.00,13.0995
1312.50,5.5904
1375.00,4.0545
1437.50,8.4034
1500.00,4.2694
1562.50,7.3821
1625.00,4.1182
1687.50,8.6760
1750.00,7.2296
1812.50,6.4720
1875.00,10.1570
1937.50,7.2400
2000.00,5.5999
2062.50,7.3904
2125.00,2.6616
2187.50,6.4068
2250.00,4.6295
2312.50,5.3310
2375.00,6.0054
2437.50,4.1172
2500.00,3.9577
2562.50,4.8811
2625.00,3.9558
2687.50,7.1453
2750.00,4.9563
2812.50,7.5202
2875.00,6.5916
2937.50,3.4541
3000.00,1.7790
3062.50,3.9559
3125.00,3.2885
3187.50,6.4560
3250.00,7.6631
3312.50,3.5127
3375.00,1.3687
3437.50,1.6390
3500.00,7.7010
3562.50,13.6564
3625.00,6.1940
3687.50,4.7801
3750.00,5.0704
3812.50,1.9724
3875.00,2.8845
3937.50,4.8923
4000.00,6.9445
4062.50,4.9943
4125.00,4.8229
4187.50,5.5753
4250.00,5.5452
4312.50,1.8354
4375.00,2.6968
4437.50,6.6471
4500.00,4.3259
4562.50,5.4367
4625.00,6.0874
4687.50,4.4545
4750.00,1.7493
4812.50,4.9614
4875.00,2.5878
4937.50,2.0485
5000.00,3.6154
5062.50,4.8913
5125.00,3.8794
5187.50,4.7541
5250.00,3.6845
5312.50,4.7431
5375.00,8.6325
5437.50,5.4631
5500.00,3.1257
5562.50,6.6943
5625.00,6.7310
5687.50,8.3835
5750.00,7.6635
5812.50,4.3001
5875.00,1.8118
5937.50,4.2929
6000.00,7.4851
6062.50,7.6942
6125.00,6.5112
6187.50,3.5715
6250.00,3.4683
6312.50,8.0127
6375.00,7.7264
6437.50,3.9758
6500.00,4.2601
6562.50,5.6388
6625.00,1.1977
6687.50,2.4617
6750.00,3.4158
6812.50,3.1638
6875.00,4.7521
6937.50,4.9251
7000.00,2.3034
7062.50,7.4776
7125.00,7.7568
7187.50,3.3969
7250.00,2.2305
7312.50,6.7649
7375.00,8.5670
7437.50,7.9111
7500.00,3.8362
7562.50,3.7190
7625.00,3.8945
7687.50,1.0220
7750.00,5.4394
7812.50,2.4487
7875.00,2.6612
7937.50,7.2987
airflow(m/s),3.22
clocktime,139680

0.00,1088.8588
62.50,776.8507
125.00,338.0119
187.50,87.4861
250.00,58.2386
312.50,57.3034
375.00,25.6259
437.50,17.3243
500.00,34.7421
562.50,34.3097
625.00,9.8115
687.50,13.1111
750.00,19.9229
812.50,23.8964
875.00,13.0221
937.50,11.7082
1000.00,13.6167
1062.50,14.5970
1125.00,17.1688
1187.50,15.8259
1250.00,19.1413
1312.50,12.3659
1375.00,10.8083
1437.50,3.1467
1500.00,4.6838
1562.50,9.2158
1625.00,8.6817
1687.50,8.9286
1750.00,3.1964
1812.50,9.1665
1875.00,5.0328
1937.50,7.8797
2000.00,8.5181
2062.50,6.3041
2125.00,4.8041
2187.50,2.9704
2250.00,9.6204
2312.50,2.6119
2375.00,6.7698
2437.50,5.8736
2500.00,2.7756
2562.50,4.1858
2625.00,4.6541
2687.50,4.3804
2750.00,5.7504
2812.50,9.2371
2875.00,4.6753
2937.50,5.2767
3000.00,5.9685
3062.50,5.8349
3125.00,6.7705
3187.50,4.1540
3250.00,3.0460
3312.50,7.3954
3375.00,12.9722
3437.50,10.1844
3500.00,9.6655
3562.50,5.9266
3625.00,8.4344
3687.50,5.6984
3750.00,5.5949
3812.50,8.9398
3875.00,0.0512
3937.50,4.8400
4000.00,6.6840
4062.50,2.5922
4125.00,8.3349
4187.50,7.1661
4250.00,3.9108
4312.50,2.8293
4375.00,5.6481
4437.50,4.3544
4500.00,6.7236
4562.50,8.5414
4625.00,8.0908
4687.50,4.7990
4750.00,9.3555
4812.50,7.6937
4875.00,2.1947
4937.50,3.6418
5000.00,4.5230
5062.50,6.8015
5125.00,8.7585
5187.50,11.0060
5250.00,3.1876
5312.50,3.1058
5375.00,8.8132
5437.50,12.5982
5500.00,12.3545
5562.50,10.4506
5625.00,8.6928
5687.50,6.2744
5750.00,6.7565
5812.50,11.3637
5875.00,7.6051
5937.50,2.7938
6000.00,4.7429
6062.50,2.7101
6125.00,8.9606
6187.50,3.9790
6250.00,6.6482
6312.50,7.0873
6375.00,4.4445
6437.50,10.0620
6500.00,12.0884
6562.50,5.8354
6625.00,5.7535
6687.50,7.2934
6750.00,6.3427
6812.50,4.2825
6875.00,3.2099
6937.50,3.3771
7000.00,5.5543
7062.50,11.2946
7125.00,13.7750
7187.50,1.9266
7250.00,8.2116
7312.50,15.6283
7375.00,11.1554
7437.50,14.6520
7500.00,15.2317
7562.50,3.4424
7625.00,11.6078
7687.50,14.2071
7750.00,15.6048
7812.50,7.2785
7875.00,1.4677
7937.50,10.1837
airflow(m/s),3.74
clocktime,177406

0.00,888.7819
62.50,316.4598
125.00,95.5339
187.50,177.6565
250.00,248.8376
312.50,129.7886
375.00,66.9583
437.50,39.5893
500.00,25.2160
562.50,29.3659
625.00,21.5098
687.50,38.2571
750.00,24.7604
812.50,10.2465
875.00,18.4129
937.50,19.8867
1000.00,2.9760
1062.50,6.8954
1125.00,11.2497
1187.50,19.2780
1250.00,20.0577
1312.50,13.4077
1375.00,10.5379
1437.50,11.6468
1500.00,10.3183
1562.50,1.9315
1625.00,1.2498
1687.50,1.8452
1750.00,9.7419
1812.50,11.7247
1875.00,8.5118
1937.50,1.5241
2000.00,4.5829
2062.50,6.5175
2125.00,0.8702
2187.50,4.0079
2250.00,1.4105
2312.50,0.4142
2375.00,5.5887
2437.50,0.9252
2500.00,8.8859
2562.50,9.5353
2625.00,2.1962
2687.50,3.8853
2750.00,6.1916
2812.50,3.0113
2875.00,4.0452
2937.50,3.5211
3000.00,5.2431
3062.50,8.7164
3125.00,6.2307
3187.50,3.3955
3250.00,10.0144
3312.50,10.0854
3375.00,2.2461
3437.50,2.3522
3500.00,1.8764
3562.50,2.1789
3625.00,3.6270
3687.50,10.7645
3750.00,6.1335
3812.50,3.2305
3875.00,1.2088
3937.50,3.3473
4000.00,3.4346
4062.50,4.8051
4125.00,4.3359
4187.50,4.0207
4250.00,2.3449
4312.50,4.1639
4375.00,1.8530
4437.50,1.6709
4500.00,3.8416
4562.50,4.1729
4625.00,2.7418
4687.50,6.7024
4750.00,10.4871
4812.50,5.4934
4875.00,1.8439
4937.50,3.3391
5000.00,8.0896
5062.50,8.5811
5125.00,6.7277
5187.50,1.9820
5250.00,3.8503
5312.50,5.2136
5375.00,3.2175
5437.50,1.5093
5500.00,3.4114
5562.50,5.7374
5625.00,5.2917
5687.50,3.8141
5750.00,7.6949
5812.50,11.9844
5875.00,8.9695
5937.50,2.3529
6000.00,8.5017
6062.50,11.3773
6125.00,4.8476
6187.50,10.6136
6250.00,3.6648
6312.50,5.6059
6375.00,7.1003
6437.50,5.8471
6500.00,5.0332
6562.50,1.0597
6625.00,4.1962
6687.50,3.1117
6750.00,4.9582
6812.50,5.6727
6875.00,3.0645
6937.50,6.9186
7000.00,7.6480
7062.50,11.5913
7125.00,4.3393
7187.50,1.3425
7250.00,6.8864
7312.50,1.6373
7375.00,6.2379
7437.50,11.9551
7500.00,8.2551
7562.50,4.3616
7625.00,3.1728
7687.50,1.8559
7750.00,4.8750
7812.50,2.2355
7875.00,5.4808
7937.50,6.9645
airflow(m/s),5.05
clocktime,215473

0.00,1743.6685
62.50,1096.0211
125.00,249.5591
187.50,119.1752
250.00,109.0799
312.50,28.9345
375.00,14.3618
437.50,32.3948
500.00,43.2994
562.50,89.2136
625.00,38.7824
687.50,3.5642
750.00,39.4365
812.50,45.2362
875.00,9.3503
937.50,11.0195
1000.00,11.7076
1062.50,19.7433
1125.00,6.7309
1187.50,8.1233
1250.00,12.2102
1312.50,3.8148
1375.00,8.0055
1437.50,9.8885
1500.00,17.8134
1562.50,15.7015
1625.00,18.2596
1687.50,24.1878
1750.00,3.6199
1812.50,6.7956
1875.00,1.3582
1937.50,6.4746
2000.00,4.5375
2062.50,5.8333
2125.00,9.8215
2187.50,8.7965
2250.00,7.8443
2312.50,5.2865
2375.00,3.6753
2437.50,14.0162
2500.00,8.8977
2562.50,7.1770
2625.00,7.1650
2687.50,14.0867
2750.00,6.0228
2812.50,5.0200
2875.00,6.8805
2937.50,9.5437
3000.00,3.1891
3062.50,3.9799
3125.00,4.8368
3187.50,2.1860
3250.00,4.7303
3312.50,5.9696
3375.00,2.8873
3437.50,2.6743
3500.00,6.9989
3562.50,5.7836
3625.00,7.5143
3687.50,3.8333
3750.00,8.5363
3812.50,5.5721
3875.00,2.6359
3937.50,3.7527
4000.00,3.6439
4062.50,0.3169
4125.00,2.0137
4187.50,6.5169
4250.00,8.6188
4312.50,6.3377
4375.00,11.9842
4437.50,2.5911
4500.00,3.6823
4562.50,5.7471
4625.00,2.4915
4687.50,4.2403
4750.00,5.6594
4812.50,3.3097
4875.00,7.0793
4937.50,5.6901
5000.00,1.2603
5062.50,3.9036
5125.00,2.7294
5187.50,6.7888
5250.00,1.4139
5312.50,3.1442
5375.00,4.8372
5437.50,4.8500
5500.00,5.6208
5562.50,5.8115
5625.00,5.4782
5687.50,3.5172
5750.00,2.0130
5812.50,2.7186
5875.00,1.6673
5937.50,7.7577
6000.00,3.7825
6062.50,5.4388
6125.00,11.4238
6187.50,6.4749
6250.00,4.2305
6312.50,8.2772
6375.00,4.8733
6437.50,2.7421
6500.00,4.8416
6562.50,7.8628
6625.00,10.0118
6687.50,11.0953
6750.00,6.4771
6812.50,4.1217
6875.00,2.3344
6937.50,3.9914
7000.00,4.5686
7062.50,0.7693
7125.00,2.7121
7187.50,5.9524
7250.00,6.9488
7312.50,9.5882
7375.00,7.1285
7437.50,8.3843
7500.00,9.6341
7562.50,8.0044
7625.00,3.2116
7687.50,5.3248
7750.00,7.7509
7812.50,8.8647
7875.00,3.9760
7937.50,6.6327
airflow(m/s),3.98
clocktime,253743

0.00,1041.4455
62.50,579.1314
125.00,148.1093
187.50,216.1276
250.00,119.8967
312.50,47.2858
375.00,80.9233
437.50,118.4036
500.00,83.4071
562.50,167.0800
625.00,98.3770
687.50,65.3237
750.00,115.1924
812.50,49.3197
875.00,111.8839
937.50,121.1385
1000.00,106.7272
1062.50,88.3178
1125.00,52.8069
1187.50,30.1100
1250.00,28.8697
1312.50,19.1033
1375.00,22.5478
1437.50,22.2278
1500.00,30.2609
1562.50,28.9157
1625.00,6.4154
1687.50,10.2484
1750.00,9.7634
1812.50,12.4159
1875.00,10.8392
1937.50,14.0965
2000.00,22.5475
2062.50,23.1459
2125.00,8.8006
2187.50,26.9066
2250.00,27.7747
2312.50,13.8820
2375.00,2.8195
2437.50,10.5422
2500.00,28.3506
2562.50,15.1093
2625.00,28.9805
2687.50,39.3887
2750.00,18.4160
2812.50,2.5109
2875.00,7.5331
2937.50,6.6846
3000.00,3.9284
3062.50,11.9514
3125.00,1.8677
3187.50,5.1119
3250.00,9.5224
3312.50,11.7049
3375.00,32.3443
3437.50,32.4371
3500.00,12.2967
3562.50,9.7664
3625.00,10.4383
3687.50,11.4279
3750.00,13.4553
3812.50,1.4039
3875.00,6.8331
3937.50,15.4409
4000.00,14.4793
4062.50,25.4917
4125.00,25.0876
4187.50,15.7786
4250.00,9.8262
4312.50,14.7896
4375.00,19.2780
4437.50,13.5074
4500.00,4.7850
4562.50,16.6712
4625.00,13.7179
4687.50,8.0613
4750.00,19.4062
4812.50,3.2311
4875.00,11.0308
4937.50,4.9641
5000.00,12.0019
5062.50,14.9587
5125.00,10.6559
5187.50,11.3731
5250.00,10.3526
5312.50,16.5987
5375.00,4.9993
5437.50,10.3474
5500.00,6.6838
5562.50,6.0756
5625.00,11.2174
5687.50,9.1357
5750.00,7.2595
5812.50,10.1284
5875.00,5.9608
5937.50,4.7456
6000.00,2.5873
6062.50,4.0381
6125.00,9.7455
6187.50,9.2746
6250.00,5.6226
6312.50,3.5742
6375.00,4.4584
6437.50,2.5681
6500.00,15.1985
6562.50,12.0438
6625.00,14.8068
6687.50,7.6282
6750.00,5.3369
6812.50,7.4261
6875.00,8.0901
6937.50,9.8709
7000.00,4.3695
7062.50,8.7827
7125.00,9.9543
7187.50,10.4835
7250.00,12.8863
7312.50,3.1996
7375.00,3.2511
7437.50,7.4620
7500.00,3.8603
7562.50,4.6119
7625.00,8.8104
7687.50,7.2541
7750.00,3.8722
7812.50,5.2786
7875.00,12.7439
7937.50,10.5608
airflow(m/s),8.30
clocktime,292395

0.00,20563.0259
62.50,9037.1564
125.00,417.0334
187.50,159.7495
250.00,148.5786
312.50,113.1906
375.00,50.8196
437.50,14.4763
500.00,22.8940
562.50,42.4431
625.00,38.9245
687.50,25.1814
750.00,42.8325
812.50,27.8728
875.00,21.4776
937.50,13.8953
1000.00,10.9254
1062.50,7.9719
1125.00,8.7114
1187.50,12.5524
1250.00,12.2493
1312.50,8.4879
1375.00,2.9967
1437.50,13.3285
1500.00,7.3180
1562.50,6.3924
1625.00,5.9395
1687.50,5.2028
1750.00,11.0158
1812.50,9.4056
1875.00,4.0729
1937.50,2.6985
2000.00,0.4204
2062.50,10.1961
2125.00,9.8425
2187.50,6.9144
2250.00,4.4099
2312.50,11.6634
2375.00,5.3719
2437.50,6.3807
2500.00,3.6940
2562.50,9.4743
2625.00,5.5960
2687.50,0.4394
2750.00,6.7213
2812.50,4.3140
2875.00,1.3680
2937.50,3.8030
3000.00,4.7027
3062.50,4.8317
3125.00,3.2522
3187.50,3.4764
3250.00,3.1540
3312.50,1.8306
3375.00,3.6596
3437.50,2.9832
3500.00,2.6872
3562.50,4.6634
3625.00,2.4455
3687.50,3.9143
3750.00,2.3492
3812.50,3.5408
3875.00,3.8443
3937.50,8.0657
4000.00,5.4072
4062.50,1.0999
4125.00,0.6796
4187.50,2.7086
4250.00,7.0397
4312.50,5.6106
4375.00,7.7109
4437.50,5.1973
4500.00,7.3055
4562.50,7.9282
4625.00,7.7774
4687.50,11.5862
4750.00,6.0687
4812.50,3.7124
4875.00,2.1111
4937.50,4.7293
5000.00,6.2213
5062.50,4.6892
5125.00,2.0886
5187.50,11.8290
5250.00,14.5352
5312.50,7.3529
5375.00,5.2864
5437.50,7.6440
5500.00,4.3633
5562.50,4.5548
5625.00,5.4500
5687.50,6.4676
5750.00,5.3489
5812.50,8.1664
5875.00,5.8237
5937.50,9.1170
6000.00,6.5384
6062.50,2.8070
6125.00,2.9065
6187.50,1.4265
6250.00,3.0362
6312.50,3.8440
6375.00,6.1943
6437.50,5.4353
6500.00,1.8653
6562.50,2.0007
6625.00,4.2893
6687.50,2.5676
6750.00,7.1619
6812.50,8.2739
6875.00,8.1759
6937.50,9.7205
7000.00,7.4417
7062.50,3.8430
7125.00,2.1599
7187.50,0.8439
7250.00,3.9757
7312.50,0.2793
7375.00,2.8656
7437.50,4.2026
7500.00,3.4873
7562.50,4.6885
7625.00,3.3420
7687.50,1.6285
7750.00,0.4263
7812.50,3.9859
7875.00,2.8014
7937.50,4.0413
airflow(m/s),3.82
clocktime,28195
