0.00,62321.9682
62.50,26772.5798
125.00,175.3063
187.50,72.9673
250.00,42.8535
312.50,22.5856
375.00,35.7478
437.50,22.2011
500.00,25.4314
562.50,14.9279
625.00,18.7361
687.50,24.1113
750.00,13.7708
812.50,24.8669
875.00,5.2537
937.50,19.5260
1000.00,7.8152
1062.50,5.4470
1125.00,18.8178
1187.50,8.1486
1250.00,1.2434
1312.50,16.3148
1375.00,14.3772
1437.50,5.8923
1500.00,3.3184
1562.50,10.3585
1625.00,8.1615
1687.50,11.3723
1750.00,2.8183
1812.50,15.2875
1875.00,3.7202
1937.50,2.8404
2000.00,12.9502
2062.50,6.9863
2125.00,10.6813
2187.50,7.4676
2250.00,5.5790
2312.50,7.4911
2375.00,6.3094
2437.50,8.4957
2500.00,5.4579
2562.50,2.8328
2625.00,13.5255
2687.50,3.5807
2750.00,10.3936
2812.50,6.0468
2875.00,10.3403
2937.50,4.3075
3000.00,8.9881
3062.50,6.4554
3125.00,12.7011
3187.50,4.8306
3250.00,5.7041
3312.50,4.0311
3375.00,10.0898
3437.50,1.5256
3500.00,4.3000
3562.50,1.7714
3625.00,8.0077
3687.50,5.8606
3750.00,9.7930
3812.50,5.8104
3875.00,9.9901
3937.50,9.5504
4000.00,4.7573
4062.50,3.8321
4125.00,6.2802
4187.50,2.8356
4250.00,5.3981
4312.50,4.0792
4375.00,2.4473
4437.50,6.2212
4500.00,1.9441
4562.50,6.7551
4625.00,1.4092
4687.50,7.5558
4750.00,4.5757
4812.50,2.2372
4875.00,4.9479
4937.50,5.5706
5000.00,2.0507
5062.50,3.4453
5125.00,2.5300
5187.50,5.4771
5250.00,3.5851
5312.50,8.3313
5375.00,5.9220
5437.50,6.5119
5500.00,1.7057
5562.50,2.2538
5625.00,6.2814
5687.50,1.1924
5750.00,2.7031
5812.50,10.6120
5875.00,2.9003
5937.50,9.3702
6000.00,7.4238
6062.50,5.2543
6125.00,3.4661
6187.50,5.9136
6250.00,7.1404
6312.50,5.9076
6375.00,2.5193
6437.50,1.4086
6500.00,7.1444
6562.50,3.3922
6625.00,8.9036
6687.50,12.1361
6750.00,4.7823
6812.50,4.3273
6875.00,4.3049
6937.50,1.7266
7000.00,2.8188
7062.50,8.0564
7125.00,6.6251
7187.50,7.9766
7250.00,3.8327
7312.50,6.0296
7375.00,4.8061
7437.50,7.3058
7500.00,0.4321
7562.50,3.4770
7625.00,3.8777
7687.50,7.4579
7750.00,2.3638
7812.50,8.1801
7875.00,4.4659
7937.50,7.3831
airflow(m/s),7.01
clocktime,30972

0.00,736.2722
62.50,437.4691
125.00,18.6749
187.50,57.6621
250.00,38.6946
312.50,28.2345
375.00,17.2849
437.50,26.4982
500.00,17.3169
562.50,12.6040
625.00,18.4736
687.50,24.1692
750.00,19.4978
812.50,10.0136
875.00,8.7733
937.50,5.3144
1000.00,3.8443
1062.50,4.1139
1125.00,8.6538
1187.50,9.7834
1250.00,3.9455
1312.50,11.9649
1375.00,10.2320
1437.50,2.3327
1500.00,8.7214
1562.50,5.4705
1625.00,9.3136
1687.50,11.5481
1750.00,6.1704
1812.50,6.9082
1875.00,9.9584
1937.50,4.7567
2000.00,3.1267
2062.50,7.2208
2125.00,2.9963
2187.50,6.9408
2250.00,8.1063
2312.50,6.7439
2375.00,3.5993
2437.50,6.7902
2500.00,7.0382
2562.50,11.2184
2625.00,6.5109
2687.50,4.9339
2750.00,8.7966
2812.50,8.9201
2875.00,6.8578
2937.50,5.2126
3000.00,5.4121
3062.50,8.6875
3125.00,12.5554
3187.50,5.6756
3250.00,3.8038
3312.50,3.8461
3375.00,2.3347
3437.50,6.1460
3500.00,4.1316
3562.50,3.6029
3625.00,5.7218
3687.50,7.6742
3750.00,10.4022
3812.50,7.9824
3875.00,8.3158
3937.50,3.9196
4000.00,4.8338
4062.50,4.7690
4125.00,4.0874
4187.50,7.9481
4250.00,6.4070
4312.50,19.6763
4375.00,10.7269
4437.50,2.3533
4500.00,5.4000
4562.50,8.9697
4625.00,2.4345
4687.50,5.1694
4750.00,7.6427
4812.50,1.5134
4875.00,4.0956
4937.50,5.6447
5000.00,4.6532
5062.50,4.6522
5125.00,5.1873
5187.50,1.7697
5250.00,8.4210
5312.50,7.9990
5375.00,5.9243
5437.50,4.3783
5500.00,1.5362
5562.50,5.8305
5625.00,4.5990
5687.50,4.9457
5750.00,9.1952
5812.50,9.2151
5875.00,2.8434
5937.50,2.8190
6000.00,3.8074
6062.50,1.6464
6125.00,4.5905
6187.50,7.3720
6250.00,5.6787
6312.50,1.3180
6375.00,4.2294
6437.50,10.8190
6500.00,10.2518
6562.50,5.4762
6625.00,6.5678
6687.50,9.8428
6750.00,8.6593
6812.50,4.6020
6875.00,6.0822
6937.50,3.6714
7000.00,10.3258
7062.50,16.2979
7125.00,10.4235
7187.50,5.2954
7250.00,14.4376
7312.50,10.5176
7375.00,9.8906
7437.50,9.8266
7500.00,7.1078
7562.50,6.8687
7625.00,4.8976
7687.50,5.9147
7750.00,10.0256
7812.50,2.3168
7875.00,5.3980
7937.50,2.0279
airflow(m/s),6.65
clocktime,52481

0.00,1521.2352
62.50,736.4463
125.00,124.9773
187.50,101.7376
250.00,22.3945
312.50,22.0922
375.00,13.3521
437.50,9.1428
500.00,1.9413
562.50,19.2479
625.00,25.4114
687.50,23.2793
750.00,12.7982
812.50,11.2331
875.00,8.6295
937.50,6.7574
1000.00,2.7344
1062.50,10.6590
1125.00,15.2608
1187.50,9.2802
1250.00,7.4782
1312.50,2.4553
1375.00,7.5546
1437.50,3.6129
1500.00,3.1189
1562.50,7.2817
1625.00,6.2991
1687.50,3.2410
1750.00,4.3695
1812.50,4.4507
1875.00,3.7228
1937.50,2.3935
2000.00,4.3621
2062.50,3.3592
2125.00,1.4020
2187.50,5.4774
2250.00,5.9936
2312.50,8.3565
2375.00,5.4022
2437.50,5.2391
2500.00,2.6453
2562.50,3.1365
2625.00,7.0704
2687.50,4.5975
2750.00,3.4514
2812.50,5.4571
2875.00,3.9303
2937.50,4.9963
3000.00,8.1890
3062.50,1.3649
3125.00,2.7555
3187.50,2.0434
3250.00,6.6589
3312.50,6.6331
3375.00,5.8537
3437.50,3.3915
3500.00,5.4806
3562.50,3.5993
3625.00,4.2710
3687.50,4.9975
3750.00,3.7558
3812.50,4.3972
3875.00,7.2616
3937.50,3.1853
4000.00,4.2348
4062.50,3.4747
4125.00,2.9466
4187.50,2.8197
4250.00,1.8993
4312.50,1.3842
4375.00,6.8964
4437.50,4.3474
4500.00,4.2750
4562.50,7.2911
4625.00,12.9161
4687.50,11.7215
4750.00,11.2184
4812.50,5.3507
4875.00,2.5071
4937.50,4.3811
5000.00,0.5590
5062.50,8.6108
5125.00,9.3066
5187.50,4.6513
5250.00,2.2843
5312.50,4.4423
5375.00,4.6837
5437.50,3.7759
5500.00,8.2323
5562.50,7.6380
5625.00,2.4451
5687.50,2.1996
5750.00,3.8410
5812.50,2.5173
5875.00,2.0012
5937.50,2.1011
6000.00,3.1566
6062.50,0.5254
6125.00,2.0588
6187.50,3.7030
6250.00,7.6053
6312.50,13.0521
6375.00,8.2283
6437.50,3.0443
6500.00,7.3848
6562.50,6.6879
6625.00,4.3615
6687.50,1.1632
6750.00,5.1697
6812.50,2.1046
6875.00,0.6198
6937.50,3.0196
7000.00,2.2101
7062.50,6.0902
7125.00,4.9106
7187.50,3.3450
7250.00,7.7271
7312.50,6.4324
7375.00,4.1157
7437.50,1.4365
7500.00,10.3415
7562.50,9.7889
7625.00,0.6853
7687.50,5.9355
7750.00,5.0984
7812.50,6.7370
7875.00,6.5447
7937.50,3.0071
airflow(m/s),5.55
clocktime,74239

0.00,4639.7759
62.50,2025.3290
125.00,61.3855
187.50,44.3665
250.00,30.1067
312.50,7.4812
375.00,12.7038
437.50,14.8449
500.00,11.7560
562.50,10.3858
625.00,10.6408
687.50,14.3831
750.00,3.3641
812.50,9.1385
875.00,11.1331
937.50,11.1282
1000.00,2.7606
1062.50,13.1946
1125.00,8.4061
1187.50,2.2022
1250.00,4.7459
1312.50,0.2889
1375.00,6.4159
1437.50,2.7260
1500.00,5.2234
1562.50,4.5960
1625.00,2.5700
1687.50,5.7992
1750.00,6.3802
1812.50,7.1001
1875.00,10.4359
1937.50,2.8707
2000.00,2.6617
2062.50,3.6723
2125.00,7.4602
2187.50,4.3915
2250.00,6.5130
2312.50,2.3662
2375.00,3.5838
2437.50,6.8154
2500.00,2.1732
2562.50,2.7627
2625.00,3.1548
2687.50,2.4472
2750.00,9.0606
2812.50,3.2567
2875.00,1.8662
2937.50,5.7128
3000.00,5.9731
3062.50,2.4916
3125.00,3.6075
3187.50,7.6812
3250.00,4.8557
3312.50,2.7836
3375.00,4.6199
3437.50,3.7042
3500.00,2.1351
3562.50,2.3901
3625.00,2.6922
3687.50,3.1364
3750.00,6.3204
3812.50,4.4675
3875.00,3.7865
3937.50,3.8239
4000.00,5.0043
4062.50,2.6504
4125.00,9.0561
4187.50,7.3349
4250.00,2.6704
4312.50,5.0512
4375.00,2.4886
4437.50,4.4213
4500.00,9.9739
4562.50,8.9510
4625.00,5.9700
4687.50,1.0761
4750.00,5.8373
4812.50,3.6744
4875.00,5.4270
4937.50,5.4244
5000.00,2.8085
5062.50,6.1651
5125.00,8.0327
5187.50,10.5239
5250.00,4.2516
5312.50,2.0992
5375.00,4.3620
5437.50,5.6320
5500.00,4.0936
5562.50,7.9791
5625.00,4.1472
5687.50,3.9063
5750.00,3.1117
5812.50,3.0368
5875.00,6.2190
5937.50,7.4795
6000.00,3.3599
6062.50,7.9677
6125.00,5.3507
6187.50,5.3188
6250.00,6.8342
6312.50,2.1841
6375.00,7.9902
6437.50,3.8630
6500.00,4.7602
6562.50,6.4188
6625.00,0.6637
6687.50,4.4618
6750.00,2.6638
6812.50,9.3168
6875.00,5.4764
6937.50,3.5857
7000.00,6.0489
7062.50,8.2387
7125.00,7.1318
7187.50,3.8651
7250.00,3.8374
7312.50,1.9967
7375.00,4.2217
7437.50,3.8890
7500.00,6.8106
7562.50,3.8089
7625.00,2.2447
7687.50,3.0068
7750.00,4.5780
7812.50,1.9453
7875.00,1.4197
7937.50,1.1453
airflow(m/s),5.76
clocktime,96319

0.00,5258.5101
62.50,2186.7202
125.00,131.7701
187.50,104.0690
250.00,35.2038
312.50,58.1870
375.00,107.2487
437.50,97.5870
500.00,47.2642
562.50,44.5107
625.00,33.6856
687.50,37.0549
750.00,20.0978
812.50,22.7772
875.00,10.8504
937.50,23.5610
1000.00,30.1647
1062.50,22.4013
1125.00,21.9424
1187.50,40.5235
1250.00,13.7321
1312.50,9.9857
1375.00,17.1660
1437.50,13.2193
1500.00,25.3017
1562.50,48.6041
1625.00,39.1478
1687.50,5.6064
1750.00,7.0292
1812.50,20.5593
1875.00,8.9489
1937.50,34.5009
2000.00,26.3601
2062.50,13.1404
2125.00,14.1495
2187.50,21.0309
2250.00,13.3560
2312.50,13.3074
2375.00,16.6219
2437.50,22.6061
2500.00,15.9894
2562.50,8.2394
2625.00,22.8502
2687.50,44.2024
2750.00,26.4266
2812.50,10.8452
2875.00,16.2509
2937.50,33.1822
3000.00,14.1537
3062.50,29.2985
3125.00,37.6374
3187.50,19.4177
3250.00,17.7772
3312.50,6.9237
3375.00,13.5660
3437.50,5.3761
3500.00,16.5279
3562.50,11.6371
3625.00,19.9830
3687.50,6.4092
3750.00,15.3438
3812.50,19.4285
3875.00,3.0872
3937.50,14.0259
4000.00,19.9448
4062.50,13.1058
4125.00,25.3423
4187.50,23.1208
4250.00,10.7568
4312.50,6.2148
4375.00,8.6090
4437.50,17.7359
4500.00,13.0400
4562.50,8.9615
4625.00,11.0799
4687.50,7.8534
4750.00,5.3003
4812.50,14.5740
4875.00,12.9928
4937.50,9.9652
5000.00,17.5402
5062.50,18.4636
5125.00,33.0639
5187.50,32.8426
5250.00,20.0838
5312.50,40.3181
5375.00,12.2326
5437.50,23.5315
5500.00,23.6957
5562.50,17.0378
5625.00,16.4727
5687.50,22.2946
5750.00,18.2874
5812.50,11.0363
5875.00,12.2283
5937.50,18.5647
6000.00,27.0223
6062.50,27.2431
6125.00,15.0037
6187.50,13.3923
6250.00,13.2187
6312.50,17.9421
6375.00,11.7058
6437.50,12.7951
6500.00,7.7664
6562.50,7.8624
6625.00,18.1363
6687.50,11.1200
6750.00,22.8932
6812.50,24.8628
6875.00,14.0502
6937.50,36.1778
7000.00,17.2377
7062.50,4.1702
7125.00,11.3334
7187.50,14.6674
7250.00,18.2667
7312.50,19.1677
7375.00,14.9555
7437.50,9.7935
7500.00,8.8726
7562.50,11.5473
7625.00,8.8531
7687.50,5.7195
7750.00,15.3505
7812.50,13.4727
7875.00,5.0740
7937.50,4.8878
airflow(m/s),6.19
clocktime,118690

0.00,314.8020
62.50,341.5035
125.00,88.9658
187.50,25.9416
250.00,28.3985
312.50,9.2224
375.00,12.6056
437.50,12.8809
500.00,10.1686
562.50,6.8653
625.00,18.6090
687.50,12.4345
750.00,24.9940
812.50,13.0716
875.00,17.7224
937.50,9.2248
1000.00,8.3790
1062.50,12.6635
1125.00,21.7503
1187.50,14.2294
1250.00,9.0939
1312.50,5.4475
1375.00,12.9105
1437.50,8.5188
1500.00,2.8675
1562.50,6.2174
1625.00,11.1940
1687.50,2.7336
1750.00,8.4379
1812.50,10.3404
1875.00,8.9402
1937.50,6.3943
2000.00,7.4940
2062.50,3.8228
2125.00,6.0940
2187.50,3.0710
2250.00,2.5060
2312.50,2.6882
2375.00,2.0939
2437.50,1.1277
2500.00,3.8126
2562.50,5.5129
2625.00,2.8368
2687.50,3.4531
2750.00,6.4921
2812.50,3.8694
2875.00,3.6038
2937.50,1.7952
3000.00,1.6029
3062.50,4.2729
3125.00,3.4163
3187.50,2.9897
3250.00,4.4695
3312.50,1.8453
3375.00,3.3723
3437.50,4.5124
3500.00,2.0816
3562.50,8.5880
3625.00,9.0200
3687.50,12.5274
3750.00,19.1049
3812.50,23.2730
3875.00,13.1854
3937.50,12.8694
4000.00,11.0116
4062.50,9.0453
4125.00,12.0949
4187.50,5.5357
4250.00,6.0334
4312.50,1.2806
4375.00,16.6701
4437.50,16.9017
4500.00,14.0414
4562.50,5.1037
4625.00,2.4974
4687.50,5.3052
4750.00,7.9205
4812.50,2.9354
4875.00,14.8932
4937.50,17.9088
5000.00,13.1472
5062.50,4.6532
5125.00,5.5845
5187.50,5.0668
5250.00,12.5613
5312.50,14.2527
5375.00,7.4185
5437.50,6.1203
5500.00,5.5152
5562.50,8.2171
5625.00,10.8823
5687.50,10.2849
5750.00,7.5822
5812.50,11.3079
5875.00,10.6965
5937.50,7.5846
6000.00,9.4800
6062.50,7.0027
6125.00,4.0623
6187.50,2.1153
6250.00,3.2027
6312.50,9.1221
6375.00,17.6271
6437.50,13.4736
6500.00,9.0998
6562.50,10.5025
6625.00,8.7893
6687.50,0.2263
6750.00,1.9272
6812.50,2.1884
6875.00,6.4076
6937.50,11.5681
7000.00,2.3659
7062.50,4.8929
7125.00,6.4776
7187.50,10.8867
7250.00,5.9339
7312.50,6.7689
7375.00,4.3238
7437.50,5.3348
7500.00,8.6140
7562.50,7.3753
7625.00,7.6824
7687.50,7.8500
7750.00,1.9718
7812.50,0.5249
7875.00,2.0290
7937.50,0.6404
airflow(m/s),5.87
clocktime,141365

0.00,6759.7854
62.50,2895.2842
125.00,83.0953
187.50,32.1902
250.00,22.7962
312.50,26.0929
375.00,19.7341
437.50,77.9433
500.00,58.6902
562.50,44.1684
625.00,35.5725
687.50,13.4072
750.00,24.4652
812.50,14.3287
875.00,19.0420
937.50,15.0300
1000.00,18.1255
1062.50,8.1507
1125.00,11.6563
1187.50,18.1716
1250.00,25.7016
1312.50,22.3894
1375.00,26.0978
1437.50,22.6314
1500.00,19.6224
1562.50,19.0844
1625.00,7.9162
1687.50,22.5702
1750.00,25.0172
1812.50,2.5824
1875.00,3.5458
1937.50,15.5396
2000.00,5.5890
2062.50,10.9417
2125.00,16.8004
2187.50,6.8283
2250.00,8.1694
2312.50,9.8999
2375.00,15.0755
2437.50,8.6874
2500.00,9.0842
2562.50,9.6527
2625.00,2.0697
2687.50,3.9333
2750.00,13.0378
2812.50,13.2124
2875.00,4.8771
2937.50,1.1392
3000.00,3.6385
3062.50,8.7134
3125.00,14.3233
3187.50,10.7605
3250.00,6.0218
3312.50,8.6163
3375.00,5.9585
3437.50,3.2090
3500.00,3.7312
3562.50,2.9401
3625.00,2.3919
3687.50,9.4536
3750.00,11.9216
3812.50,5.8757
3875.00,12.9830
3937.50,8.0590
4000.00,5.1861
4062.50,8.5742
4125.00,6.6158
4187.50,6.7442
4250.00,1.4630
4312.50,0.7520
4375.00,2.6341
4437.50,1.0756
4500.00,3.2060
4562.50,11.7045
4625.00,13.2918
4687.50,8.9557
4750.00,1.7799
4812.50,4.7215
4875.00,7.9080
4937.50,10.4527
5000.00,10.0634
5062.50,7.3381
5125.00,6.1276
5187.50,2.4860
5250.00,3.7662
5312.50,3.3844
5375.00,4.1991
5437.50,7.8873
5500.00,6.1589
5562.50,3.7973
5625.00,2.2438
5687.50,4.0499
5750.00,5.8244
5812.50,10.7371
5875.00,9.1233
5937.50,2.2541
6000.00,5.0422
6062.50,4.8631
6125.00,4.5669
6187.50,10.1557
6250.00,9.6477
6312.50,4.0801
6375.00,3.6105
6437.50,3.4317
6500.00,6.7704
6562.50,3.2216
6625.00,2.4344
6687.50,3.8407
6750.00,6.3699
6812.50,5.0532
6875.00,8.3434
6937.50,9.2571
7000.00,3.1737
7062.50,4.8164
7125.00,10.1060
7187.50,9.6785
7250.00,5.6075
7312.50,5.8981
7375.00,2.0467
7437.50,4.9630
7500.00,4.4164
7562.50,4.9222
7625.00,2.9392
7687.50,3.3617
7750.00,8.8379
7812.50,8.9782
7875.00,9.3049
7937.50,7.0881
airflow(m/s),5.15
clocktime,164341

0.00,20.4311
62.50,243.8249
125.00,72.0275
187.50,59.7762
250.00,39.2554
312.50,11.4885
375.00,12.0842
437.50,15.7218
500.00,17.7925
562.50,12.2683
625.00,4.2483
687.50,9.4203
750.00,9.3559
812.50,8.0504
875.00,6.9447
937.50,10.5760
1000.00,7.9059
1062.50,5.5518
1125.00,5.9825
1187.50,1.1164
1250.00,3.3074
1312.50,5.8539
1375.00,4.3537
1437.50,7.9881
1500.00,8.3513
1562.50,11.1436
1625.00,11.2279
1687.50,6.5759
1750.00,1.8005
1812.50,2.4995
1875.00,3.5663
1937.50,3.9054
2000.00,9.0171
2062.50,4.8393
2125.00,3.1796
2187.50,1.5163
2250.00,0.8480
2312.50,7.3089
2375.00,9.1129
2437.50,1.8403
2500.00,5.2055
2562.50,7.7588
2625.00,1.2207
2687.50,5.2370
2750.00,0.9157
2812.50,7.1125
2875.00,5.2751
2937.50,5.3094
3000.00,4.9424
3062.50,5.2254
3125.00,2.1143
3187.50,0.9225
3250.00,1.7248
3312.50,5.6600
3375.00,3.7604
3437.50,4.3744
3500.00,9.2922
3562.50,6.5720
3625.00,2.7387
3687.50,4.8250
3750.00,7.6072
3812.50,7.4682
3875.00,1.8052
3937.50,7.4198
4000.00,1.7015
4062.50,3.0636
4125.00,2.7514
4187.50,3.4284
4250.00,3.6515
4312.50,5.2556
4375.00,4.7389
4437.50,4.4376
4500.00,2.4891
4562.50,2.5087
4625.00,4.8060
4687.50,5.9365
4750.00,1.6457
4812.50,1.6307
4875.00,1.0934
4937.50,5.4151
5000.00,4.6696
5062.50,1.6047
5125.00,5.2371
5187.50,5.0355
5250.00,3.7513
5312.50,1.3497
5375.00,3.5348
5437.50,4.1332
5500.00,8.1896
5562.50,4.8374
5625.00,4.0941
5687.50,4.4247
5750.00,3.1578
5812.50,0.7354
5875.00,3.2798
5937.50,8.7576
6000.00,5.6463
6062.50,0.1755
6125.00,4.8173
6187.50,10.4197
6250.00,10.9344
6312.50,3.2011
6375.00,3.6201
6437.50,3.3857
6500.00,3.0210
6562.50,2.8658
6625.00,2.4804
6687.50,2.4851
6750.00,2.9937
6812.50,4.0514
6875.00,2.9762
6937.50,6.6696
7000.00,5.5999
7062.50,5.3955
7125.00,1.8358
7187.50,3.0845
7250.00,9.3810
7312.50,5.0091
7375.00,3.2327
7437.50,3.6718
7500.00,2.8113
7562.50,4.2506
7625.00,3.6038
7687.50,2.2330
7750.00,1.7400
7812.50,2.0342
7875.00,2.8020
7937.50,3.6634
airflow(m/s),4.15
clocktime,188327

0.00,4767.5259
62.50,2112.9232
125.00,35.5915
187.50,18.2524
250.00,10.4950
312.50,18.0392
375.00,9.7342
437.50,4.5553
500.00,10.8818
562.50,4.9869
625.00,8.7481
687.50,8.1987
750.00,3.5718
812.50,7.7204
875.00,9.1646
937.50,9.4564
1000.00,10.3392
1062.50,4.7241
1125.00,11.3924
1187.50,5.6975
1250.00,3.0541
1312.50,2.1681
1375.00,4.5441
1437.50,8.9922
1500.00,8.2404
1562.50,8.4877
1625.00,9.9969
1687.50,8.0594
1750.00,8.2960
1812.50,8.0997
1875.00,4.1339
1937.50,9.3113
2000.00,3.9292
2062.50,2.5443
2125.00,3.4915
2187.50,3.3595
2250.00,8.0671
2312.50,11.0066
2375.00,2.3400
2437.50,2.7983
2500.00,6.4419
2562.50,0.7845
2625.00,6.4646
2687.50,3.5514
2750.00,9.6394
2812.50,3.4940
2875.00,3.5176
2937.50,2.1152
3000.00,3.6267
3062.50,2.6849
3125.00,2.7620
3187.50,9.0063
3250.00,4.7233
3312.50,6.7043
3375.00,8.5288
3437.50,6.6858
3500.00,4.4535
3562.50,1.5228
3625.00,7.2911
3687.50,3.7199
3750.00,4.0670
3812.50,8.7715
3875.00,6.0905
3937.50,3.8868
4000.00,3.6305
4062.50,3.4528
4125.00,3.0738
4187.50,7.6658
4250.00,3.9324
4312.50,2.3257
4375.00,4.7502
4437.50,7.7619
4500.00,6.9279
4562.50,3.1431
4625.00,8.7510
4687.50,5.8212
4750.00,6.9512
4812.50,7.2171
4875.00,7.5532
4937.50,4.6659
5000.00,4.6206
5062.50,3.9980
5125.00,7.2235
5187.50,4.3864
5250.00,2.6347
5312.50,3.8850
5375.00,3.6589
5437.50,7.3260
5500.00,5.1569
5562.50,5.1906
5625.00,7.0446
5687.50,6.1214
5750.00,11.4261
5812.50,4.4205
5875.00,5.7470
5937.50,7.4873
6000.00,7.4551
6062.50,5.1182
6125.00,0.9573
6187.50,7.4512
6250.00,2.2602
6312.50,7.4915
6375.00,12.6676
6437.50,10.8266
6500.00,10.5928
6562.50,6.3167
6625.00,5.4909
6687.50,2.8428
6750.00,2.5845
6812.50,6.4492
6875.00,10.3702
6937.50,9.0881
7000.00,2.6134
7062.50,7.0800
7125.00,10.1875
7187.50,9.3206
7250.00,5.2476
7312.50,5.0823
7375.00,3.2536
7437.50,6.4514
7500.00,1.9422
7562.50,1.0628
7625.00,10.0289
7687.50,12.2584
7750.00,7.7189
7812.50,3.7085
7875.00,5.3052
7937.50,1.4134
airflow(m/s),4.86
clocktime,213434

0.00,142.7276
62.50,142.8059
125.00,101.4109
187.50,35.0351
250.00,45.8925
312.50,283.3267
375.00,283.7852
437.50,327.1591
500.00,341.6455
562.50,66.0457
625.00,59.8003
687.50,27.7733
750.00,4.1350
812.50,20.3605
875.00,30.8035
937.50,51.6152
1000.00,24.2790
1062.50,24.6280
1125.00,32.6261
1187.50,88.8374
1250.00,83.9536
1312.50,21.3977
1375.00,46.0605
1437.50,39.3613
1500.00,28.6253
1562.50,14.9996
1625.00,21.6323
1687.50,28.1479
1750.00,2.9728
1812.50,11.9306
1875.00,15.3571
1937.50,54.3441
2000.00,13.8925
2062.50,83.0459
2125.00,105.3871
2187.50,63.7201
2250.00,21.5829
2312.50,9.4804
2375.00,4.4896
2437.50,19.8779
2500.00,35.6376
2562.50,40.3987
2625.00,30.3860
2687.50,24.4175
2750.00,20.3715
2812.50,40.8177
2875.00,41.3704
2937.50,20.1855
3000.00,32.4827
3062.50,13.6904
3125.00,40.8988
3187.50,61.1182
3250.00,31.0020
3312.50,6.3809
3375.00,28.6269
3437.50,8.8876
3500.00,13.8171
3562.50,17.4965
3625.00,22.7581
3687.50,14.3376
3750.00,3.0614
3812.50,9.0243
3875.00,17.6877
3937.50,20.0887
4000.00,17.8132
4062.50,20.5764
4125.00,15.6561
4187.50,25.8647
4250.00,50.0102
4312.50,38.2608
4375.00,21.8851
4437.50,6.5015
4500.00,21.9298
4562.50,15.2052
4625.00,20.6258
4687.50,18.5378
4750.00,8.3296
4812.50,5.5996
4875.00,18.7428
4937.50,27.5353
5000.00,17.9580
5062.50,7.1143
5125.00,20.8294
5187.50,11.9789
5250.00,11.3565
5312.50,13.3386
5375.00,5.0129
5437.50,16.1730
5500.00,19.9358
5562.50,15.2739
5625.00,14.3016
5687.50,4.5334
5750.00,8.4574
5812.50,15.9924
5875.00,18.7828
5937.50,7.1763
6000.00,12.7609
6062.50,12.9315
6125.00,16.8927
6187.50,13.2304
6250.00,13.5398
6312.50,7.1432
6375.00,1.4865
6437.50,4.6051
6500.00,24.3046
6562.50,23.8513
6625.00,17.2465
6687.50,11.1985
6750.00,7.8121
6812.50,5.4284
6875.00,3.6553
6937.50,2.8466
7000.00,8.7304
7062.50,23.0161
7125.00,28.2862
7187.50,17.8032
7250.00,12.9662
7312.50,17.6710
7375.00,23.2875
7437.50,15.4542
7500.00,3.6825
7562.50,10.5258
7625.00,15.7262
7687.50,5.0268
7750.00,0.6045
7812.50,7.6858
7875.00,13.6241
7937.50,8.7525
airflow(m/s),4.15
clocktime,238913

0.00,674.6140
62.50,369.5167
125.00,106.4494
187.50,52.0654
250.00,22.2414
312.50,23.2526
375.00,15.5979
437.50,13.9039
500.00,6.1320
562.50,2.7340
625.00,3.9235
687.50,2.5451
750.00,6.4618
812.50,7.3034
875.00,9.1978
937.50,6.8490
1000.00,3.2081
1062.50,7.0411
1125.00,7.9765
1187.50,4.5329
1250.00,4.5661
1312.50,9.6076
1375.00,10.0803
1437.50,9.0255
1500.00,5.1926
1562.50,0.5204
1625.00,5.6992
1687.50,5.6426
1750.00,2.4537
1812.50,7.7833
1875.00,7.2014
1937.50,0.7386
2000.00,5.2951
2062.50,5.1177
2125.00,4.9201
2187.50,8.5026
2250.00,4.6760
2312.50,3.7655
2375.00,3.5678
2437.50,0.4073
2500.00,5.8947
2562.50,6.5134
2625.00,4.0159
2687.50,3.8247
2750.00,7.7910
2812.50,9.3327
2875.00,5.2439
2937.50,1.0314
3000.00,0.3815
3062.50,2.3720
3125.00,3.3360
3187.50,3.2867
3250.00,5.1955
3312.50,3.4934
3375.00,1.1949
3437.50,3.4852
3500.00,2.9271
3562.50,7.3138
3625.00,8.4247
3687.50,2.2686
3750.00,7.8695
3812.50,9.3375
3875.00,4.8053
3937.50,1.5809
4000.00,2.3229
4062.50,5.2678
4125.00,7.7614
4187.50,5.9644
4250.00,1.2807
4312.50,4.2639
4375.00,3.0640
4437.50,2.8568
4500.00,1.5798
4562.50,5.0020
4625.00,6.2147
4687.50,4.1579
4750.00,3.9585
4812.50,1.5296
4875.00,2.3990
4937.50,2.5541
5000.00,4.1890
5062.50,3.4002
5125.00,1.5109
5187.50,4.0527
5250.00,4.8298
5312.50,4.1662
5375.00,7.8086
5437.50,7.5989
5500.00,6.5562
5562.50,2.5709
5625.00,1.4865
5687.50,2.3170
5750.00,2.5136
5812.50,8.0899
5875.00,7.3802
5937.50,3.7189
6000.00,1.9354
6062.50,2.3295
6125.00,3.6999
6187.50,3.4181
6250.00,2.5868
6312.50,2.3819
6375.00,3.0235
6437.50,1.4568
6500.00,2.2640
6562.50,2.2115
6625.00,2.5897
6687.50,4.8896
6750.00,7.2780
6812.50,1.3540
6875.00,7.5477
6937.50,11.4667
7000.00,7.0724
7062.50,4.7987
7125.00,6.6580
7187.50,5.3940
7250.00,5.4393
7312.50,7.2382
7375.00,13.2699
7437.50,12.2996
7500.00,3.3736
7562.50,5.3127
7625.00,2.2592
7687.50,2.5473
7750.00,2.0565
7812.50,5.8384
7875.00,8.4535
7937.50,5.4175
airflow(m/s),3.74
clocktime,264644

0.00,860.4038
62.50,565.4210
125.00,149.5658
187.50,27.8199
250.00,14.9488
312.50,18.2057
375.00,11.6979
437.50,5.1396
500.00,9.4349
562.50,3.7471
625.00,6.9269
687.50,2.8936
750.00,9.3169
812.50,3.7002
875.00,9.6664
937.50,19.2358
1000.00,9.1061
1062.50,3.3517
1125.00,2.9275
1187.50,11.2968
1250.00,4.7416
1312.50,4.8350
1375.00,6.6530
1437.50,6.8365
1500.00,9.5122
1562.50,3.7420
1625.00,2.2470
1687.50,4.0866
1750.00,5.1786
1812.50,1.0923
1875.00,4.9981
1937.50,3.3714
2000.00,2.2637
2062.50,3.7522
2125.00,8.3472
2187.50,7.1627
2250.00,4.2913
2312.50,2.5365
2375.00,3.7733
2437.50,1.4577
2500.00,4.0807
2562.50,2.0892
2625.00,3.1212
2687.50,1.1274
2750.00,2.5369
2812.50,1.9539
2875.00,5.8535
2937.50,3.9733
3000.00,5.4610
3062.50,6.1913
3125.00,6.0708
3187.50,2.4878
3250.00,3.1363
3312.50,3.3121
3375.00,5.6628
3437.50,6.4317
3500.00,7.0692
3562.50,6.1242
3625.00,2.1167
3687.50,6.5983
3750.00,6.2505
3812.50,3.7099
3875.00,2.8200
3937.50,3.8479
4000.00,10.2335
4062.50,7.4765
4125.00,4.0093
4187.50,5.1788
4250.00,12.6724
4312.50,7.3571
4375.00,0.7323
4437.50,4.4212
4500.00,7.8645
4562.50,7.8706
4625.00,4.1907
4687.50,2.2049
4750.00,3.2147
4812.50,4.6686
4875.00,9.5056
4937.50,6.8392
5000.00,5.7609
5062.50,1.7072
5125.00,5.8992
5187.50,4.2905
5250.00,8.9977
5312.50,6.5328
5375.00,3.6138
5437.50,5.0192
5500.00,11.4870
5562.50,7.3009
5625.00,4.8542
5687.50,6.9718
5750.00,8.3256
5812.50,8.7478
5875.00,3.2654
5937.50,5.3805
6000.00,4.7674
6062.50,7.9088
6125.00,10.6169
6187.50,2.9210
6250.00,6.1299
6312.50,4.8994
6375.00,7.2720
6437.50,6.3974
6500.00,5.3161
6562.50,1.5250
6625.00,5.0081
6687.50,8.4479
6750.00,5.3435
6812.50,2.7242
6875.00,3.1656
6937.50,3.7293
7000.00,5.6276
7062.50,3.3062
7125.00,6.2508
7187.50,4.5651
7250.00,6.3996
7312.50,6.0661
7375.00,5.8587
7437.50,4.7305
7500.00,7.3583
7562.50,7.6670
7625.00,7.4598
7687.50,6.2892
7750.00,5.7918
7812.50,1.6127
7875.00,2.0919
7937.50,2.0927
airflow(m/s),4.86
clocktime,290631

0.00,1094.0868
62.50,563.5627
125.00,49.9838
187.50,59.6663
250.00,33.0693
312.50,14.9329
375.00,6.3324
437.50,3.2695
500.00,4.7982
562.50,5.7938
625.00,2.4416
687.50,3.0923
750.00,4.2470
812.50,2.6786
875.00,5.0867
937.50,9.3975
1000.00,9.3951
1062.50,8.8991
1125.00,7.3424
1187.50,6.5224
1250.00,3.0497
1312.50,3.1190
1375.00,0.9758
1437.50,1.1730
1500.00,7.3327
1562.50,8.3825
1625.00,6.5608
1687.50,2.9757
1750.00,2.8539
1812.50,3.5721
1875.00,1.8818
1937.50,5.4627
2000.00,3.7688
2062.50,5.5425
2125.00,4.6995
2187.50,0.8558
2250.00,5.7180
2312.50,7.9328
2375.00,5.9549
2437.50,8.0000
2500.00,1.3448
2562.50,6.2139
2625.00,9.7552
2687.50,3.0238
2750.00,5.5441
2812.50,6.6543
2875.00,6.9405
2937.50,2.9909
3000.00,2.8557
3062.50,5.0354
3125.00,6.9961
3187.50,5.4018
3250.00,2.2136
3312.50,6.1126
3375.00,1.3425
3437.50,2.7370
3500.00,9.1327
3562.50,1.6864
3625.00,5.7981
3687.50,9.9347
3750.00,9.5720
3812.50,6.7019
3875.00,2.6607
3937.50,5.0166
4000.00,6.0186
4062.50,4.9544
4125.00,8.0946
4187.50,12.8684
4250.00,9.3779
4312.50,7.6031
4375.00,9.3842
4437.50,6.6054
4500.00,3.5279
4562.50,1.9087
4625.00,0.6793
4687.50,2.5699
4750.00,2.1449
4812.50,5.3941
4875.00,6.7719
4937.50,4.4290
5000.00,2.2628
5062.50,5.5108
5125.00,3.6163
5187.50,0.7365
5250.00,2.3691
5312.50,5.3308
5375.00,7.0699
5437.50,3.7667
5500.00,2.4870
5562.50,1.6381
5625.00,6.1513
5687.50,6.4570
5750.00,6.4300
5812.50,5.0137
5875.00,0.9809
5937.50,0.9126
6000.00,5.2129
6062.50,4.5620
6125.00,4.7016
6187.50,3.1350
6250.00,8.9566
6312.50,5.9149
6375.00,3.2862
6437.50,7.5529
6500.00,4.1816
6562.50,2.4495
6625.00,5.7724
6687.50,1.3326
6750.00,6.3050
6812.50,4.2647
6875.00,2.7731
6937.50,1.8215
7000.00,5.1751
7062.50,10.5255
7125.00,6.3231
7187.50,5.1639
7250.00,4.5244
7312.50,4.1429
7375.00,1.7083
7437.50,2.2233
7500.00,2.5736
7562.50,2.7557
7625.00,2.9674
7687.50,1.1006
7750.00,6.9618
7812.50,8.5841
7875.00,1.7434
7937.50,2.6716
airflow(m/s),3.44
clocktime,316908

0.00,2969.7597
62.50,1269.1069
125.00,44.7067
187.50,6.6350
250.00,17.3097
312.50,76.5612
375.00,28.7695
437.50,61.1601
500.00,79.8474
562.50,30.7574
625.00,10.8149
687.50,17.8931
750.00,12.9929
812.50,10.4748
875.00,7.3857
937.50,15.6056
1000.00,3.7598
1062.50,9.4635
1125.00,17.8657
1187.50,12.3124
1250.00,25.5449
1312.50,8.9151
1375.00,26.9391
1437.50,13.3495
1500.00,24.0015
1562.50,18.2297
1625.00,24.1922
1687.50,33.3650
1750.00,16.8414
1812.50,5.1756
1875.00,51.5870
1937.50,37.2334
2000.00,33.8427
2062.50,15.7143
2125.00,26.5797
2187.50,31.4431
2250.00,16.0182
2312.50,20.9014
2375.00,35.9785
2437.50,36.6067
2500.00,46.7819
2562.50,36.0174
2625.00,41.0794
2687.50,27.8391
2750.00,21.7981
2812.50,21.1703
2875.00,35.0633
2937.50,21.4427
3000.00,29.2333
3062.50,61.3730
3125.00,67.0689
3187.50,87.6989
3250.00,67.1648
3312.50,83.8239
3375.00,78.2659
3437.50,63.2308
3500.00,78.8105
3562.50,55.7405
3625.00,49.7150
3687.50,46.0710
3750.00,27.4176
3812.50,30.3948
3875.00,22.9585
3937.50,18.5941
4000.00,18.4901
4062.50,16.4856
4125.00,12.3637
4187.50,16.8411
4250.00,10.2545
4312.50,15.0936
4375.00,9.1751
4437.50,7.7511
4500.00,7.4279
4562.50,9.8775
4625.00,11.3399
4687.50,15.3938
4750.00,18.1463
4812.50,20.6714
4875.00,16.0574
4937.50,35.0376
5000.00,37.7494
5062.50,39.7483
5125.00,43.3196
5187.50,48.8977
5250.00,43.3553
5312.50,42.0104
5375.00,34.4575
5437.50,32.4536
5500.00,21.3362
5562.50,28.1976
5625.00,10.5100
5687.50,20.8936
5750.00,6.2968
5812.50,2.7361
5875.00,14.5661
5937.50,8.2362
6000.00,22.1044
6062.50,17.8571
6125.00,24.2225
6187.50,20.6230
6250.00,22.2322
6312.50,16.7981
6375.00,17.6445
6437.50,22.5945
6500.00,14.4161
6562.50,12.5364
6625.00,0.6802
6687.50,4.4789
6750.00,3.9003
6812.50,5.1772
6875.00,4.0617
6937.50,7.7121
7000.00,15.2644
7062.50,17.1473
7125.00,17.1810
7187.50,18.5145
7250.00,12.4452
7312.50,8.2219
7375.00,5.3737
7437.50,8.3668
7500.00,12.6145
7562.50,12.1311
7625.00,28.5341
7687.50,16.3731
7750.00,23.9709
7812.50,24.6497
7875.00,21.5612
7937.50,15.7228
airflow(m/s),3.90
clocktime,343495

0.00,29.4621
62.50,273.1751
125.00,63.5622
187.50,28.2197
250.00,39.8014
312.50,8.7485
375.00,9.0885
437.50,4.5727
500.00,20.2824
562.50,10.5113
625.00,19.3477
687.50,6.8881
750.00,4.6603
812.50,10.1271
875.00,11.1362
937.50,7.9201
1000.00,9.7021
1062.50,3.9657
1125.00,6.6548
1187.50,3.4579
1250.00,8.7089
1312.50,2.5076
1375.00,9.7431
1437.50,9.7040
1500.00,22.4720
1562.50,29.9097
1625.00,1.6973
1687.50,11.6044
1750.00,25.7310
1812.50,13.5596
1875.00,2.5049
1937.50,9.6073
2000.00,9.3890
2062.50,8.3081
2125.00,10.6169
2187.50,3.8379
2250.00,3.9717
2312.50,3.3087
2375.00,7.6488
2437.50,3.4874
2500.00,4.1448
2562.50,6.2062
2625.00,0.8366
2687.50,3.0335
2750.00,0.9627
2812.50,0.8819
2875.00,7.4284
2937.50,8.6619
3000.00,3.4602
3062.50,0.6084
3125.00,6.9747
3187.50,6.5002
3250.00,8.8318
3312.50,9.7980
3375.00,3.7939
3437.50,3.9672
3500.00,1.2430
3562.50,5.3953
3625.00,3.2785
3687.50,3.4427
3750.00,2.8226
3812.50,4.1032
3875.00,3.5280
3937.50,6.5892
4000.00,1.5712
4062.50,3.7121
4125.00,8.3855
4187.50,10.2487
4250.00,7.2506
4312.50,3.6234
4375.00,8.6826
4437.50,5.0904
4500.00,5.1554
4562.50,3.3423
4625.00,5.3970
4687.50,11.8290
4750.00,13.1413
4812.50,5.1341
4875.00,4.7332
4937.50,1.5215
5000.00,4.4792
5062.50,9.2723
5125.00,5.6028
5187.50,4.1471
5250.00,1.6003
5312.50,0.7002
5375.00,4.0848
5437.50,0.6233
5500.00,2.5294
5562.50,0.9572
5625.00,3.2319
5687.50,1.0164
5750.00,5.1506
5812.50,8.8124
5875.00,8.3707
5937.50,7.0455
6000.00,2.0570
6062.50,4.3257
6125.00,5.5218
6187.50,6.2333
6250.00,3.1691
6312.50,3.9442
6375.00,4.5533
6437.50,3.8070
6500.00,3.4103
6562.50,1.8054
6625.00,1.6153
6687.50,2.2773
6750.00,2.3834
6812.50,4.6080
6875.00,8.1166
6937.50,5.3720
7000.00,4.9061
7062.50,0.4721
7125.00,6.5686
7187.50,3.6670
7250.00,5.8439
7312.50,2.8936
7375.00,0.6818
7437.50,3.2207
7500.00,4.1019
7562.50,4.3560
7625.00,0.7801
7687.50,4.1242
7750.00,4.2926
7812.50,4.3525
7875.00,3.1506
7937.50,2.4830
airflow(m/s),3.90
clocktime,401251

0.00,409.5306
62.50,270.9096
125.00,99.8281
187.50,10.8917
250.00,26.9411
312.50,18.4069
375.00,4.8121
437.50,6.2043
500.00,10.5808
562.50,10.7158
625.00,5.8285
687.50,4.2310
750.00,5.9324
812.50,1.4173
875.00,6.5013
937.50,8.2667
1000.00,2.7897
1062.50,4.5029
1125.00,5.1276
1187.50,3.5703
1250.00,3.6843
1312.50,8.5513
1375.00,6.7873
1437.50,7.4062
1500.00,4.7346
1562.50,0.4210
1625.00,5.5524
1687.50,4.4017
1750.00,3.9118
1812.50,2.1854
1875.00,4.6943
1937.50,4.1878
2000.00,2.0932
2062.50,5.1248
2125.00,6.4419
2187.50,3.2154
2250.00,2.3577
2312.50,3.1528
2375.00,6.5768
2437.50,9.0219
2500.00,6.1684
2562.50,9.1615
2625.00,12.4251
2687.50,3.4889
2750.00,2.7993
2812.50,3.6522
2875.00,4.1124
2937.50,4.8580
3000.00,8.7974
3062.50,7.6798
3125.00,7.5355
3187.50,5.4421
3250.00,3.9659
3312.50,3.5637
3375.00,2.8529
3437.50,6.4733
3500.00,6.7539
3562.50,6.0581
3625.00,4.0185
3687.50,0.1713
3750.00,6.7042
3812.50,6.2664
3875.00,3.2682
3937.50,5.5965
4000.00,3.3186
4062.50,1.5252
4125.00,5.8391
4187.50,9.0791
4250.00,7.7943
4312.50,4.7866
4375.00,4.3454
4437.50,5.0303
4500.00,2.5080
4562.50,6.0911
4625.00,8.1111
4687.50,2.5865
4750.00,0.7387
4812.50,3.2803
4875.00,0.2894
4937.50,5.1088
5000.00,7.3198
5062.50,6.7016
5125.00,8.7520
5187.50,0.8203
5250.00,3.6892
5312.50,1.5976
5375.00,7.7560
5437.50,8.2630
5500.00,5.3963
5562.50,4.2594
5625.00,5.3775
5687.50,5.1371
5750.00,8.4212
5812.50,6.1729
5875.00,4.3468
5937.50,6.5653
6000.00,6.3465
6062.50,1.2499
6125.00,1.1787
6187.50,2.6865
6250.00,6.4261
6312.50,4.5286
6375.00,3.3418
6437.50,2.2808
6500.00,2.0027
6562.50,3.8320
6625.00,3.3537
6687.50,4.0085
6750.00,6.4185
6812.50,4.1743
6875.00,1.8930
6937.50,5.4654
7000.00,7.2694
7062.50,6.5949
7125.00,2.6776
7187.50,5.7546
7250.00,8.9136
7312.50,7.7801
7375.00,7.2807
7437.50,7.6845
7500.00,2.1363
7562.50,5.4646
7625.00,5.9584
7687.50,4.0105
7750.00,4.9778
7812.50,7.9087
7875.00,8.6677
7937.50,6.2450
airflow(m/s),3.36
clocktime,2564242

0.00,739.9231
62.50,396.7891
125.00,27.8850
187.50,19.0456
250.00,21.3640
312.50,17.5746
375.00,8.1346
437.50,9.1165
500.00,4.4336
562.50,3.2372
625.00,2.3740
687.50,4.4126
750.00,10.9523
812.50,10.3080
875.00,7.1385
937.50,11.7646
1000.00,7.0464
1062.50,2.4498
1125.00,6.0121
1187.50,4.0036
1250.00,3.7399
1312.50,2.3111
1375.00,4.4713
1437.50,8.0091
1500.00,2.4286
1562.50,4.6737
1625.00,7.5699
1687.50,0.7491
1750.00,4.7451
1812.50,7.6718
1875.00,5.5879
1937.50,5.4622
2000.00,3.0235
2062.50,3.9620
2125.00,1.8580
2187.50,0.7556
2250.00,2.4168
2312.50,3.9262
2375.00,7.4490
2437.50,2.0526
2500.00,0.7918
2562.50,4.8887
2625.00,4.2715
2687.50,2.8260
2750.00,11.6872
2812.50,17.6577
2875.00,14.9179
2937.50,2.9928
3000.00,2.6236
3062.50,5.8517
3125.00,6.6190
3187.50,0.7523
3250.00,1.8833
3312.50,3.4500
3375.00,1.9352
3437.50,3.0299
3500.00,2.0091
3562.50,4.8991
3625.00,5.1476
3687.50,8.6019
3750.00,4.7126
3812.50,1.4964
3875.00,7.3292
3937.50,9.8842
4000.00,5.5665
4062.50,2.9963
4125.00,2.4277
4187.50,2.5157
4250.00,5.9856
4312.50,8.6674
4375.00,5.3338
4437.50,5.4464
4500.00,5.4952
4562.50,3.6247
4625.00,4.0101
4687.50,8.0562
4750.00,5.4668
4812.50,6.0302
4875.00,5.2888
4937.50,4.5705
5000.00,6.6809
5062.50,9.7971
5125.00,7.4201
5187.50,5.6399
5250.00,4.6102
5312.50,3.9357
5375.00,4.3238
5437.50,1.3538
5500.00,2.7090
5562.50,2.8056
5625.00,0.9274
5687.50,8.4752
5750.00,7.0958
5812.50,1.6814
5875.00,2.7418
5937.50,2.0580
6000.00,3.6902
6062.50,4.6461
6125.00,3.3660
6187.50,3.7038
6250.00,3.6530
6312.50,4.9258
6375.00,2.9377
6437.50,3.0239
6500.00,2.2941
6562.50,5.1165
6625.00,2.0803
6687.50,6.2136
6750.00,1.6402
6812.50,4.1238
6875.00,4.2107
6937.50,4.4935
7000.00,6.2505
7062.50,3.7468
7125.00,4.7712
7187.50,9.7567
7250.00,8.5040
7312.50,2.2840
7375.00,4.1850
7437.50,5.5093
7500.00,7.3868
7562.50,2.9547
7625.00,4.9809
7687.50,5.6908
7750.00,2.7040
7812.50,6.3750
7875.00,1.5528
7937.50,3.6745
airflow(m/s),3.44
clocktime,5808696

0.00,687.3863
62.50,331.3543
125.00,17.7785
187.50,16.2522
250.00,16.9858
312.50,6.1524
375.00,3.2089
437.50,10.4537
500.00,10.8268
562.50,3.3577
625.00,3.0295
687.50,2.4031
750.00,10.3119
812.50,3.9787
875.00,5.3457
937.50,7.0332
1000.00,4.2680
1062.50,5.1273
1125.00,7.6853
1187.50,1.5607
1250.00,2.8207
1312.50,3.5092
1375.00,2.9413
1437.50,5.2928
1500.00,11.3841
1562.50,9.9048
1625.00,4.1898
1687.50,3.6551
1750.00,1.0543
1812.50,4.0943
1875.00,4.4324
1937.50,3.0161
2000.00,3.7716
2062.50,5.5862
2125.00,6.2944
2187.50,5.2928
2250.00,2.6193
2312.50,4.6426
2375.00,2.8586
2437.50,1.8440
2500.00,2.4273
2562.50,4.6088
2625.00,6.3560
2687.50,2.1003
2750.00,2.0728
2812.50,0.7353
2875.00,3.5510
2937.50,0.7772
3000.00,1.6247
3062.50,4.7044
3125.00,6.2196
3187.50,5.1586
3250.00,10.2260
3312.50,8.6347
3375.00,4.3490
3437.50,6.6335
3500.00,5.6512
3562.50,9.5350
3625.00,8.5780
3687.50,4.5927
3750.00,3.0774
3812.50,3.7866
3875.00,4.6645
3937.50,4.1309
4000.00,6.9369
4062.50,2.8701
4125.00,4.4954
4187.50,4.3729
4250.00,4.6710
4312.50,9.3055
4375.00,8.4489
4437.50,4.7230
4500.00,4.3537
4562.50,4.2019
4625.00,4.6465
4687.50,7.8679
4750.00,5.5039
4812.50,2.8419
4875.00,3.3959
4937.50,5.5781
5000.00,2.7694
5062.50,4.4451
5125.00,3.6337
5187.50,2.8184
5250.00,5.4535
5312.50,5.2643
5375.00,1.5144
5437.50,4.2661
5500.00,8.3969
5562.50,8.6941
5625.00,6.7496
5687.50,1.7271
5750.00,3.5960
5812.50,8.2254
5875.00,8.1840
5937.50,2.9940
6000.00,0.0470
6062.50,3.5437
6125.00,1.5998
6187.50,4.8701
6250.00,8.4683
6312.50,4.5460
6375.00,3.6212
6437.50,3.8490
6500.00,2.4950
6562.50,1.8985
6625.00,2.8485
6687.50,5.0019
6750.00,6.0319
6812.50,4.3417
6875.00,1.2376
6937.50,4.8738
7000.00,1.5754
7062.50,4.8589
7125.00,7.9640
7187.50,8.6486
7250.00,4.6857
7312.50,1.7011
7375.00,4.1253
7437.50,5.6119
7500.00,4.8476
7562.50,3.9008
7625.00,2.8055
7687.50,3.2517
7750.00,4.7793
7812.50,7.4027
7875.00,3.4252
7937.50,8.2120
airflow(m/s),3.44
clocktime,9051114

0.00,99.4160
62.50,237.5187
125.00,64.8618
187.50,7.9975
250.00,13.1049
312.50,11.2714
375.00,2.1566
437.50,10.8021
500.00,9.7681
562.50,12.4817
625.00,1.9998
687.50,4.8002
750.00,7.1174
812.50,1.6065
875.00,3.0387
937.50,7.4930
1000.00,9.2764
1062.50,4.0288
1125.00,5.6015
1187.50,6.6086
1250.00,3.9855
1312.50,10.3494
1375.00,3.2002
1437.50,4.5710
1500.00,10.2645
1562.50,6.9376
1625.00,3.2426
1687.50,1.4483
1750.00,3.9541
1812.50,3.8366
1875.00,6.3078
1937.50,5.1334
2000.00,4.8446
2062.50,2.2394
2125.00,2.6384
2187.50,1.4784
2250.00,7.5338
2312.50,6.0715
2375.00,4.3202
2437.50,7.2301
2500.00,10.6855
2562.50,9.6131
2625.00,6.1734
2687.50,1.4619
2750.00,2.4634
2812.50,5.7041
2875.00,9.8535
2937.50,1.9317
3000.00,2.1763
3062.50,2.1226
3125.00,0.9445
3187.50,3.2562
3250.00,3.3783
3312.50,5.7483
3375.00,5.5078
3437.50,2.1783
3500.00,3.8776
3562.50,1.0108
3625.00,4.1514
3687.50,5.5614
3750.00,6.8301
3812.50,7.1054
3875.00,4.0709
3937.50,12.9484
4000.00,11.5589
4062.50,0.7141
4125.00,2.6558
4187.50,2.7925
4250.00,5.0296
4312.50,4.9597
4375.00,4.3245
4437.50,4.2537
4500.00,7.1809
4562.50,3.3442
4625.00,1.2558
4687.50,1.0022
4750.00,0.1644
4812.50,6.7660
4875.00,7.3242
4937.50,4.7415
5000.00,5.5407
5062.50,4.6369
5125.00,0.6699
5187.50,7.4115
5250.00,7.3397
5312.50,1.2553
5375.00,1.5221
5437.50,1.9866
5500.00,1.2878
5562.50,3.4062
5625.00,2.6982
5687.50,3.3445
5750.00,2.3767
5812.50,1.4997
5875.00,4.8920
5937.50,3.4405
6000.00,5.7052
6062.50,0.5141
6125.00,3.0434
6187.50,8.5275
6250.00,7.9023
6312.50,3.7685
6375.00,4.2477
6437.50,7.8437
6500.00,2.0700
6562.50,5.3556
6625.00,2.7692
6687.50,2.8734
6750.00,4.2285
6812.50,6.3963
6875.00,9.0813
6937.50,7.8366
7000.00,6.4449
7062.50,10.0792
7125.00,8.4886
7187.50,5.0457
7250.00,7.9247
7312.50,7.4838
7375.00,1.7296
7437.50,2.3476
7500.00,3.4755
7562.50,1.0693
7625.00,1.4784
7687.50,5.5660
7750.00,1.9373
7812.50,1.5236
7875.00,2.6106
7937.50,3.8173
airflow(m/s),2.82
clocktime,12292889

0.00,923.0639
62.50,432.1594
125.00,49.6241
187.50,31.2584
250.00,25.5433
312.50,16.6057
375.00,10.8596
437.50,9.8727
500.00,11.8250
562.50,6.7261
625.00,3.2085
687.50,8.7767
750.00,1.5146
812.50,8.9011
875.00,10.7434
937.50,4.8398
1000.00,6.2105
1062.50,8.0152
1125.00,3.1714
1187.50,1.8269
1250.00,3.2697
1312.50,0.5167
1375.00,3.9101
1437.50,4.0150
1500.00,3.7160
1562.50,2.7618
1625.00,5.5162
1687.50,5.5466
1750.00,2.1095
1812.50,1.8278
1875.00,2.4587
1937.50,2.0423
2000.00,1.6996
2062.50,5.3405
2125.00,10.5098
2187.50,4.8102
2250.00,6.7332
2312.50,4.4047
2375.00,6.4864
2437.50,6.7436
2500.00,2.9084
2562.50,0.3664
2625.00,1.1657
2687.50,3.5102
2750.00,2.7604
2812.50,2.9234
2875.00,2.5396
2937.50,5.0139
3000.00,3.4490
3062.50,5.9010
3125.00,10.4342
3187.50,11.4771
3250.00,8.1924
3312.50,2.5064
3375.00,5.6967
3437.50,6.9268
3500.00,2.1227
3562.50,1.6101
3625.00,3.6509
3687.50,7.6325
3750.00,6.7208
3812.50,6.4497
3875.00,8.1113
3937.50,11.3064
4000.00,5.9031
4062.50,1.8600
4125.00,5.2015
4187.50,3.3792
4250.00,3.3716
4312.50,3.5207
4375.00,4.2284
4437.50,4.8258
4500.00,3.4864
4562.50,1.5490
4625.00,0.8772
4687.50,3.9430
4750.00,8.9477
4812.50,10.4819
4875.00,5.4683
4937.50,3.5688
5000.00,6.1682
5062.50,2.0752
5125.00,2.2510
5187.50,5.3443
5250.00,5.1317
5312.50,4.3498
5375.00,7.3574
5437.50,7.0428
5500.00,2.7050
5562.50,1.8940
5625.00,4.7967
5687.50,1.9799
5750.00,5.1419
5812.50,3.5835
5875.00,5.7097
5937.50,6.4546
6000.00,4.0278
6062.50,6.0781
6125.00,4.1772
6187.50,2.7887
6250.00,6.9952
6312.50,3.6204
6375.00,6.3142
6437.50,3.9123
6500.00,3.9620
6562.50,8.7770
6625.00,5.3407
6687.50,4.2281
6750.00,5.0947
6812.50,8.8096
6875.00,6.0046
6937.50,6.1910
7000.00,4.4637
7062.50,3.6259
7125.00,6.9065
7187.50,9.1839
7250.00,2.7606
7312.50,5.6980
7375.00,1.8995
7437.50,6.6882
7500.00,1.4030
7562.50,7.4662
7625.00,4.2756
7687.50,3.8940
7750.00,4.7060
7812.50,4.1863
7875.00,5.1668
7937.50,5.6122
airflow(m/s),3.08
clocktime,15535290

0.00,1329.7341
62.50,509.9751
125.00,412.4378
187.50,161.7704
250.00,29.1702
312.50,61.7954
375.00,55.1746
437.50,24.7548
500.00,4.5461
562.50,2.4952
625.00,9.5809
687.50,2.5496
750.00,9.8626
812.50,10.5951
875.00,5.9701
937.50,6.4803
1000.00,9.2873
1062.50,6.6214
1125.00,4.8446
1187.50,2.7798
1250.00,4.1475
1312.50,4.2345
1375.00,3.7613
1437.50,1.4230
1500.00,5.5612
1562.50,9.7426
1625.00,10.3856
1687.50,11.3158
1750.00,3.9894
1812.50,3.5257
1875.00,1.6391
1937.50,2.8088
2000.00,1.7579
2062.50,3.1367
2125.00,7.6942
2187.50,5.7119
2250.00,4.7498
2312.50,7.3896
2375.00,7.3890
2437.50,6.8561
2500.00,3.9547
2562.50,2.3473
2625.00,5.1148
2687.50,2.4640
2750.00,5.1983
2812.50,2.0659
2875.00,5.4054
2937.50,6.5611
3000.00,2.6969
3062.50,1.1325
3125.00,4.2216
3187.50,2.4712
3250.00,1.5671
3312.50,4.8166
3375.00,4.5702
3437.50,2.3317
3500.00,2.5320
3562.50,4.1334
3625.00,2.3807
3687.50,2.0645
3750.00,5.0720
3812.50,6.8096
3875.00,4.0841
3937.50,3.9160
4000.00,2.2246
4062.50,4.9920
4125.00,11.5455
4187.50,8.7666
4250.00,1.9973
4312.50,4.4966
4375.00,4.2703
4437.50,4.1392
4500.00,2.8021
4562.50,5.6980
4625.00,5.3897
4687.50,6.7283
4750.00,5.6268
4812.50,3.7858
4875.00,1.7066
4937.50,4.2385
5000.00,0.2713
5062.50,6.3587
5125.00,8.4257
5187.50,7.1655
5250.00,6.1141
5312.50,6.0297
5375.00,7.3966
5437.50,3.0854
5500.00,3.6899
5562.50,2.5360
5625.00,3.2064
5687.50,2.9024
5750.00,2.4712
5812.50,8.4696
5875.00,7.0430
5937.50,5.2852
6000.00,8.0486
6062.50,5.7957
6125.00,4.0563
6187.50,2.8987
6250.00,3.4576
6312.50,2.8698
6375.00,7.9029
6437.50,6.0774
6500.00,3.6143
6562.50,6.5875
6625.00,1.9856
6687.50,5.8868
6750.00,5.3146
6812.50,5.7788
6875.00,5.1441
6937.50,3.2519
7000.00,11.8019
7062.50,6.4863
7125.00,7.5080
7187.50,9.2894
7250.00,11.2185
7312.50,12.2128
7375.00,7.4834
7437.50,4.6960
7500.00,7.1694
7562.50,8.7962
7625.00,7.9343
7687.50,8.8073
7750.00,1.7329
7812.50,3.0638
7875.00,1.0418
7937.50,1.3555
airflow(m/s),2.82
clocktime,18777658