0.00,66220.4522
62.50,28288.8909
125.00,256.8167
187.50,62.9989
250.00,156.4042
312.50,36.8962
375.00,21.9665
437.50,50.5667
500.00,6.6565
airflow(m/s),3.74
clocktime,2826

0.00,2378.4513
62.50,747.7081
125.00,211.3423
187.50,118.3906
250.00,112.6596
312.50,26.7252
375.00,35.6677
437.50,49.3574
500.00,25.2591
airflow(m/s),4.41
clocktime,4436

0.00,199.8511
62.50,272.4179
125.00,85.2300
187.50,163.0869
250.00,253.0341
312.50,79.4490
375.00,44.5381
437.50,32.8351
500.00,35.0869
airflow(m/s),5.87
clocktime,6116

0.00,1316.9277
62.50,566.5563
125.00,176.7364
187.50,191.0162
250.00,106.5236
312.50,18.6674
375.00,40.8753
437.50,39.4538
500.00,12.8943
airflow(m/s),8.17
clocktime,7851

0.00,78.3298
62.50,390.3840
125.00,423.8828
187.50,117.3955
250.00,75.3067
312.50,46.1847
375.00,20.2352
437.50,17.6623
500.00,22.1375
airflow(m/s),7.90
clocktime,9591

0.00,574.3130
62.50,308.7945
125.00,346.2266
187.50,168.7596
250.00,212.6415
312.50,92.1853
375.00,59.2930
437.50,36.6758
500.00,12.8499
airflow(m/s),6.42
clocktime,11377

0.00,801.9266
62.50,746.5216
125.00,345.8150
187.50,218.2008
250.00,183.1461
312.50,80.3518
375.00,13.3294
437.50,18.0658
500.00,25.7211
airflow(m/s),5.45
clocktime,13116

0.00,2301.3179
62.50,1253.9300
125.00,606.2770
187.50,311.9659
0.00,53400.4518
62.50,22411.5592
125.00,664.4785
187.50,459.8887
250.00,263.9834
312.50,318.8368
375.00,240.6069
437.50,263.9289
500.00,207.3183
airflow(m/s),21.61
clocktime,2187

0.00,4893.5153
62.50,2651.9509
125.00,569.5986
187.50,175.3319
250.00,193.6425
312.50,71.0986
375.00,66.9202
437.50,56.2716
500.00,39.8962
airflow(m/s),23.27
clocktime,3950

0.00,2517.5293
62.50,943.2716
125.00,329.0765
187.50,233.3757
250.00,242.2243
312.50,168.4473
375.00,32.8721
437.50,52.3036
500.00,29.5136
airflow(m/s),24.13
clocktime,5659

0.00,5326.0346
62.50,2587.8646
125.00,249.9186
187.50,129.7184
250.00,149.9644
312.50,151.5213
375.00,11.9598
437.50,55.0004
500.00,82.7807
airflow(m/s),9.16
clocktime,7383

0.00,2880.3867
62.50,1327.6124
125.00,57.4532
187.50,123.8984
250.00,149.9063
312.50,117.4363
375.00,72.1859
437.50,63.4207
500.00,49.2110
airflow(m/s),8.72
clocktime,9091

0.00,567.0768
62.50,256.9983
125.00,121.1023
187.50,161.7986
250.00,179.7847
312.50,91.4857
375.00,48.1440
437.50,25.5891
500.00,26.1414
airflow(m/s),8.17
clocktime,10802

0.00,7946.8604
62.50,3458.8959
125.00,115.8224
187.50,81.8319
250.00,91.5486
312.50,103.4404
375.00,53.6290
437.50,17.3759
500.00,16.8124
airflow(m/s),7.38
clocktime,12561

0.00,463.4534
62.50,1056.2643
125.00,611.9979
187.50,226.7220
250.00,64.1593
312.50,13.7446
375.00,22.9572
437.50,4.6603
500.00,29.1865
airflow(m/s),5.55
clocktime,14273

0.00,1062.8050
62.50,974.8024
125.00,590.2642
187.50,161.1967
250.00,134.3635
312.50,43.7985
375.00,15.7471
437.50,43.5901
500.00,140.8066
airflow(m/s),4.49
clocktime,15982

0.00,911.5881
62.50,633.7324
125.00,196.7070
187.50,86.0184
250.00,50.8321
312.50,144.8705
375.00,106.9827
437.50,99.9177
500.00,91.6613
airflow(m/s),3.82
clocktime,17706

0.00,1498.9574
62.50,757.3892
125.00,105.8053
187.50,93.2377
250.00,24.2044
312.50,28.8985
375.00,10.3643
437.50,16.2102
500.00,45.0039
airflow(m/s),3.44
clocktime,19415

0.00,1465.8563
62.50,548.1576
125.00,135.9633
187.50,43.6118
250.00,30.1549
312.50,20.4888
375.00,46.2333
437.50,44.6329
500.00,35.3070
airflow(m/s),3.51
clocktime,21125

0.00,1591.7788
62.50,1030.6536
125.00,473.8980
187.50,21.6136
250.00,105.7169
312.50,14.7082
375.00,34.2793
437.50,15.1023
500.00,17.8765
airflow(m/s),3.82
clocktime,22887

0.00,1468.7033
62.50,1268.5449
125.00,424.4469
187.50,248.7641
250.00,87.2628
312.50,54.3263
375.00,44.2779
437.50,48.3462
500.00,34.0891
airflow(m/s),4.06
clocktime,24595

0.00,3919.2626
62.50,2016.8735
125.00,339.1789
187.50,130.1677
250.00,74.8154
312.50,57.9194
375.00,40.3157
437.50,26.9864
500.00,64.4356
airflow(m/s),3.74
clocktime,26358

0.00,1570.1906
62.50,981.9179
125.00,101.5205
187.50,141.0955
250.00,143.1378
312.50,111.2362
375.00,39.8251
437.50,57.2427
500.00,33.7105
airflow(m/s),4.15
clocktime,28065

0.00,604.1630
62.50,397.4719
125.00,195.2154
187.50,116.2101
250.00,146.1121
312.50,52.4296
375.00,52.4424
437.50,48.1255
500.00,30.9405
airflow(m/s),4.58
clocktime,29777

0.00,1398.2322
62.50,903.9187
125.00,383.2983
187.50,138.3946
250.00,142.0666
312.50,71.4252
375.00,43.0385
437.50,45.6467
500.00,6.7089
airflow(m/s),4.77
clocktime,31535

0.00,1627.4840
62.50,952.8807
125.00,134.2825
187.50,42.1740
250.00,33.8342
312.50,4.8731
375.00,14.8209
437.50,34.9993
500.00,27.0235
airflow(m/s),4.49
clocktime,33247

0.00,1261.9841
62.50,353.9007
125.00,431.4476
187.50,191.3175
250.00,117.4370
312.50,56.4207
375.00,15.3677
437.50,7.6861
500.00,21.6637
airflow(m/s),4.49
clocktime,34955

0.00,255.6287
62.50,661.8341
125.00,531.1785
187.50,150.9694
250.00,336.6745
312.50,231.5210
375.00,86.1363
437.50,57.7849
500.00,74.6656
airflow(m/s),4.67
clocktime,36717

0.00,1173.7042
62.50,452.0269
125.00,327.9741
187.50,299.8652
250.00,204.3562
312.50,43.6485
375.00,24.9270
437.50,18.0643
500.00,29.4578
airflow(m/s),4.58
clocktime,38425

0.00,3275.6696
62.50,1682.5498
125.00,446.1582
187.50,208.5454
250.00,24.8250
312.50,24.4859
375.00,31.7759
437.50,4.6358
500.00,8.6450
airflow(m/s),3.74
clocktime,40136

0.00,386.5368
62.50,305.7486
125.00,184.4628
187.50,153.1160
250.00,115.5238
312.50,111.7311
375.00,20.9200
437.50,26.1704
500.00,9.6297
airflow(m/s),3.82
clocktime,41894

0.00,2497.9498
62.50,980.5072
125.00,375.9865
187.50,206.0032
250.00,88.3687
312.50,66.7221
375.00,31.4950
437.50,40.3581
500.00,20.8659
airflow(m/s),4.32
clocktime,43606

0.00,700.4946
0.00,52675.2709
62.50,23232.3192
125.00,1056.4499
187.50,389.8518
250.00,59.2159
312.50,55.5202
375.00,108.8982
437.50,62.1670
500.00,41.2558
airflow(m/s),3.98
clocktime,2197

0.00,4779.5335
62.50,2220.3682
125.00,326.1107
187.50,240.8906
250.00,168.1957
312.50,62.8964
375.00,35.1992
437.50,24.4516
500.00,35.6789
airflow(m/s),4.49
clocktime,3907

0.00,1503.9345
62.50,1173.3465
125.00,477.2260
187.50,258.2229
250.00,200.9873
312.50,75.8034
375.00,32.8550
437.50,10.6137
500.00,37.4625
airflow(m/s),3.59
clocktime,5615

0.00,4117.4943
62.50,1893.4668
125.00,362.9990
187.50,169.5612
250.00,103.2103
312.50,14.6318
375.00,36.1125
437.50,23.2791
500.00,44.7745
airflow(m/s),3.44
clocktime,7378

0.00,4099.4470
62.50,1810.6352
125.00,345.9832
187.50,103.0352
250.00,70.8609
312.50,41.8360
375.00,55.8672
437.50,49.3491
500.00,40.6475
airflow(m/s),3.59
clocktime,9086

0.00,173.7663
62.50,603.1762
125.00,245.1516
187.50,49.7092
250.00,11.1123
312.50,58.5193
375.00,46.5067
437.50,36.1333
500.00,9.4652
airflow(m/s),3.74
clocktime,10797

0.00,4592.9943
62.50,1771.1340
125.00,276.2973
187.50,94.7031
250.00,23.6371
312.50,10.7550
375.00,20.4076
437.50,17.3401
500.00,7.2820
airflow(m/s),3.74
clocktime,12556

0.00,533.5104
62.50,845.1450
125.00,437.0135
187.50,183.2392
250.00,102.4450
312.50,40.5433
375.00,119.4694
437.50,73.2704
500.00,25.5683
airflow(m/s),3.51
clocktime,14267

0.00,59.0589
62.50,566.5102
125.00,363.3217
187.50,114.4799
250.00,122.3082
312.50,37.8499
375.00,21.1952
437.50,39.7319
500.00,21.8573
airflow(m/s),3.82
clocktime,15975

0.00,587.7294
62.50,678.2395
125.00,326.5727
187.50,131.9043
250.00,69.0668
312.50,32.9396
375.00,8.8113
437.50,38.8546
500.00,26.6060
airflow(m/s),4.41
clocktime,17736

0.00,1010.1303
62.50,1145.1564
125.00,283.4390
187.50,384.8033
250.00,446.8836
312.50,359.8542
375.00,686.7241
437.50,85.1577
500.00,521.2893
airflow(m/s),3.59
clocktime,19445

0.00,747.3945
62.50,328.6045
125.00,95.0115
187.50,58.2338
250.00,92.3527
312.50,59.2182
375.00,9.1657
437.50,42.5498
500.00,35.7869
airflow(m/s),3.51
clocktime,21155

0.00,1072.5313
62.50,639.7368
125.00,250.6884
187.50,172.3626
250.00,137.9643
312.50,7.7266
375.00,56.6453
437.50,38.5681
500.00,19.9203
airflow(m/s),3.98
clocktime,22918

0.00,869.4316
62.50,406.7733
125.00,300.1263
187.50,140.7138
250.00,80.2681
312.50,30.2823
375.00,18.9691
437.50,41.6247
500.00,31.0113
airflow(m/s),4.58
clocktime,24625

0.00,1678.5235
62.50,722.3439
125.00,27.4871
187.50,68.0937
250.00,45.2475
312.50,70.5518
375.00,57.3421
437.50,33.6562
500.00,23.7711
airflow(m/s),4.49
clocktime,26388

0.00,1082.7471
62.50,516.1074
125.00,414.4423
187.50,191.6641
250.00,156.8574
312.50,74.6370
375.00,16.1649
437.50,32.6771
500.00,36.9214
airflow(m/s),4.32
clocktime,28095

0.00,928.3933
62.50,589.5721
125.00,72.5136
187.50,125.3747
250.00,104.6900
312.50,27.2767
375.00,37.0182
437.50,54.7596
500.00,21.5898
airflow(m/s),4.67
clocktime,29808

0.00,2235.0654
62.50,1240.9101
125.00,173.9312
187.50,142.4665
250.00,187.9415
312.50,53.6482
375.00,39.7194
437.50,19.5443
500.00,30.0300
airflow(m/s),4.41
clocktime,31566

0.00,2577.1014
62.50,1455.5820
125.00,94.3583
187.50,113.2188
250.00,77.8804
312.50,51.3894
375.00,39.7170
437.50,68.6027
500.00,6.4308
airflow(m/s),3.98
clocktime,33278

0.00,759.1841
62.50,678.6786
125.00,158.7972
187.50,150.2682
250.00,70.8294
312.50,45.5978
375.00,25.3776
437.50,22.7495
500.00,21.3855
airflow(m/s),3.66
clocktime,34987

0.00,635.0953
62.50,238.7828
125.00,79.2081
187.50,38.1088
250.00,106.0222
312.50,79.3002
375.00,36.6000
437.50,31.1751
500.00,26.2011
airflow(m/s),3.82
clocktime,36749

0.00,141.2062
62.50,213.7283
125.00,359.8880
187.50,253.5968
250.00,138.4929
312.50,44.2685
375.00,53.0168
437.50,26.5588
500.00,21.0456
airflow(m/s),3.82
clocktime,38456

0.00,2854.8420
62.50,1283.3895
125.00,339.2215
187.50,114.3311
250.00,113.4347
312.50,90.0504
375.00,62.6870
437.50,12.5715
500.00,26.2641
airflow(m/s),3.66
clocktime,40168

0.00,555.0347
62.50,681.2951
125.00,268.7022
187.50,91.6972
250.00,72.4065
312.50,65.1315
375.00,29.9974
437.50,9.2847
500.00,14.9534
airflow(m/s),3.82
clocktime,41927

0.00,917.9635
62.50,859.4608
125.00,424.8533
187.50,105.9301
250.00,46.6982
312.50,50.1022
375.00,39.2121
437.50,77.7101
500.00,38.4920
airflow(m/s),4.06
clocktime,43638

0.00,465.0022
62.50,265.2492
125.00,130.5700
187.50,135.1141
250.00,127.5346
312.50,52.1991
375.00,37.5206
437.50,44.1721
500.00,35.4837
airflow(m/s),5.25
clocktime,45346

0.00,454.6884
62.50,720.2365
125.00,301.2352
187.50,250.4713
250.00,100.4305
312.50,10.5827
375.00,27.1900
437.50,15.0218
500.00,6.6420
airflow(m/s),3.29
clocktime,47107

0.00,254.9346
62.50,688.1402
125.00,250.1916
187.50,197.1901
250.00,63.3429
312.50,46.5341
375.00,26.7997
437.50,16.7008
500.00,29.0801
airflow(m/s),3.36
clocktime,48816

0.00,944.8565
62.50,536.4070
125.00,235.8620
187.50,142.5460
250.00,127.0931
312.50,71.9288
375.00,49.3175
437.50,12.6701
500.00,43.9301
airflow(m/s),3.15
clocktime,50578

0.00,1533.7319
62.50,937.1873
125.00,138.1683
187.50,181.2655
250.00,140.6362
312.50,44.9592
375.00,79.7343
437.50,25.6781
500.00,39.4455
airflow(m/s),3.22
clocktime,52286

0.00,912.9359
62.50,381.5466
125.00,349.6033
187.50,262.1003
250.00,134.4419
312.50,27.1149
375.00,45.0250
437.50,14.3033
500.00,21.5011
airflow(m/s),3.29
clocktime,53998

0.00,176.7739
62.50,928.4670
125.00,563.7942
187.50,342.8914
250.00,51.3010
312.50,51.6474
375.00,25.3226
437.50,45.1004
500.00,23.3291
airflow(m/s),3.59
clocktime,55757

0.00,612.0259
62.50,762.7633
125.00,569.9887
187.50,273.6653
250.00,82.5191
312.50,142.8080
375.00,82.8665
437.50,10.9645
500.00,46.2755
airflow(m/s),3.90
clocktime,57468

0.00,1629.9706
62.50,729.7192
125.00,253.3664
187.50,240.4503
250.00,117.5152
312.50,35.0450
375.00,47.7277
437.50,33.8351
500.00,20.6926
airflow(m/s),3.90
clocktime,59176

0.00,1339.6616
62.50,872.0124
125.00,283.0438
187.50,187.4967
250.00,135.3206
312.50,44.8308
375.00,52.4948
437.50,36.6441
500.00,43.4960
airflow(m/s),3.44
clocktime,60938

0.00,4833.5899
62.50,2230.8201
125.00,211.5595
187.50,80.7634
250.00,53.2839
312.50,61.8418
375.00,45.2767
437.50,42.7143
500.00,20.2286
airflow(m/s),3.51
clocktime,62647

0.00,929.2427
62.50,349.1599
125.00,289.3950
187.50,164.3149
250.00,58.6425
312.50,13.3916
375.00,58.1427
437.50,51.7861
500.00,33.8355
airflow(m/s),3.51
clocktime,64357

0.00,3842.4211
62.50,2002.8633
125.00,407.0568
187.50,234.7055
250.00,118.8215
312.50,73.9033
375.00,28.6920
437.50,9.3696
500.00,28.4148
airflow(m/s),3.51
clocktime,66119

0.00,1463.2134
62.50,1013.5570
125.00,322.3185
187.50,137.5676
250.00,114.8370
312.50,41.3674
375.00,36.4102
437.50,35.4615
500.00,7.6420
airflow(m/s),3.66
clocktime,67825

0.00,1489.0305
62.50,650.2010
125.00,239.2584
187.50,8.0810
250.00,48.6375
312.50,60.3102
375.00,41.4802
437.50,13.0683
500.00,3.3580
airflow(m/s),4.06
clocktime,69636

0.00,287.9537
62.50,360.2675
125.00,194.5311
187.50,277.7443
250.00,185.9931
312.50,45.2747
375.00,49.9038
437.50,34.3878
500.00,30.8047
airflow(m/s),3.51
clocktime,71344

0.00,453.2872
62.50,486.3137
125.00,178.7046
187.50,121.6948
250.00,141.6240
312.50,79.0061
375.00,19.7385
437.50,23.2823
500.00,2.7196
airflow(m/s),3.59
clocktime,73056

0.00,596.6445
62.50,640.0063
125.00,415.2228
187.50,117.2088
250.00,50.0405
312.50,64.1123
375.00,25.6685
437.50,18.5431
500.00,16.0864
airflow(m/s),3.44
clocktime,74839

0.00,1514.1175
62.50,744.1116
125.00,23.9030
187.50,173.2904
250.00,64.6625
312.50,16.1045
375.00,9.9010
437.50,22.1494
500.00,27.0407
airflow(m/s),3.51
clocktime,76671

0.00,1718.5198
62.50,963.5851
125.00,125.4683
187.50,72.9122
250.00,29.3627
312.50,57.8868
375.00,56.3778
437.50,45.1482
500.00,28.1126
airflow(m/s),3.74
clocktime,78500

0.00,1572.2075
62.50,954.7039
125.00,123.3632
187.50,174.7724
250.00,136.9988
312.50,26.6956
375.00,23.3745
437.50,25.0129
500.00,19.7636
airflow(m/s),3.59
clocktime,80345

0.00,911.1424
62.50,590.7949
125.00,220.0640
187.50,70.6743
250.00,60.0618
312.50,37.6497
375.00,25.8917
437.50,20.3626
500.00,21.3710
airflow(m/s),3.59
clocktime,82172

0.00,496.3012
62.50,202.2967
125.00,64.2798
187.50,87.2456
250.00,73.6728
312.50,18.4376
375.00,30.8161
437.50,46.2184
500.00,24.4702
airflow(m/s),3.51
clocktime,84004

0.00,664.0069
62.50,565.4585
125.00,519.3543
187.50,298.8075
250.00,100.3991
312.50,54.3751
375.00,20.2514
437.50,51.0676
500.00,34.2268
airflow(m/s),3.44
clocktime,85882

0.00,1522.9534
62.50,992.1675
125.00,394.1108
187.50,292.4659
250.00,224.3983
312.50,64.8772
375.00,14.9042
437.50,54.5880
500.00,12.0113
airflow(m/s),3.22
clocktime,87714

0.00,500.7163
62.50,553.1680
125.00,324.2159
187.50,148.7174
250.00,130.7142
312.50,18.2017
375.00,26.1663
437.50,21.4323
500.00,13.9366
airflow(m/s),3.44
clocktime,89541

0.00,507.4079
62.50,448.5817
125.00,347.6500
187.50,127.0495
250.00,29.5465
312.50,74.4261
375.00,46.3968
437.50,45.6084
500.00,7.0683
airflow(m/s),3.44
clocktime,91423

0.00,2312.3559
62.50,1268.8689
125.00,287.9435
187.50,184.3882
250.00,115.2560
312.50,31.6227
375.00,46.8925
437.50,36.4478
500.00,23.4146
airflow(m/s),4.41
clocktime,93252

0.00,283.6941
62.50,92.0771
125.00,319.8602
187.50,68.7635
250.00,41.6383
312.50,3.5370
375.00,16.3683
437.50,7.9584
500.00,43.6409
airflow(m/s),3.90
clocktime,95134

0.00,190.0035
62.50,300.7398
125.00,261.9033
187.50,120.9123
250.00,45.8338
312.50,67.4464
375.00,15.7534
437.50,7.3911
500.00,10.1855
airflow(m/s),3.74
clocktime,96963

0.00,1829.8252
62.50,958.7342
125.00,120.2279
187.50,177.5878
250.00,201.9840
312.50,48.7634
375.00,23.7206
437.50,20.8814
500.00,12.7979
airflow(m/s),3.51
clocktime,98795

0.00,683.1184
62.50,634.8969
125.00,69.7348
187.50,144.6342
250.00,124.3558
312.50,13.2993
375.00,39.9338
437.50,43.4308
500.00,21.3728
airflow(m/s),3.74
clocktime,100675

0.00,1163.4850
62.50,448.5770
125.00,382.8384
187.50,210.2513
250.00,97.2018
312.50,42.8438
375.00,51.4214
437.50,48.9648
500.00,8.2986
airflow(m/s),3.59
clocktime,102506

0.00,2109.8486
62.50,1042.8541
125.00,382.5947
187.50,197.8236
250.00,34.2151
312.50,53.4464
375.00,35.4093
437.50,14.2745
500.00,30.6141
airflow(m/s),3.51
clocktime,104335

0.00,833.5195
62.50,691.7149
125.00,217.8472
187.50,122.3733
250.00,149.7731
312.50,14.0721
375.00,30.2875
437.50,65.4100
500.00,43.4691
airflow(m/s),3.36
clocktime,106217

0.00,1119.6652
62.50,1340.7776
125.00,741.0176
187.50,247.0310
250.00,57.4252
312.50,43.9579
375.00,9.7118
437.50,21.3501
500.00,15.3459
airflow(m/s),3.66
clocktime,108046

0.00,444.2899
62.50,323.5106
125.00,196.5769
187.50,137.0457
250.00,18.7564
312.50,62.5414
375.00,38.2034
437.50,77.5842
500.00,59.5007
airflow(m/s),3.66
clocktime,109877

0.00,1144.9847
62.50,735.7399
125.00,108.0506
187.50,184.6730
250.00,161.8093
312.50,53.6503
375.00,17.7406
437.50,21.7992
500.00,33.3007
airflow(m/s),3.82
clocktime,111719

0.00,2319.8754
62.50,906.2679
125.00,152.6654
187.50,66.2259
250.00,82.2683
312.50,37.8383
375.00,34.1493
437.50,6.8895
500.00,18.4572
airflow(m/s),4.15
clocktime,113551

0.00,520.4427
62.50,844.2070
125.00,202.0746
187.50,64.5010
250.00,123.0063
312.50,16.8922
375.00,20.0901
437.50,25.6605
500.00,1.6897
airflow(m/s),4.06
clocktime,115380

0.00,1704.5515
62.50,803.5196
125.00,123.7532
187.50,92.5988
250.00,119.1570
312.50,49.4330
375.00,73.5462
437.50,11.0431
500.00,11.8782
airflow(m/s),3.98
clocktime,117262

0.00,904.5659
62.50,500.9557
125.00,91.3689
187.50,84.0201
250.00,104.6192
312.50,60.0238
375.00,47.6429
437.50,71.5063
500.00,28.2860
airflow(m/s),3.74
clocktime,119091

0.00,3047.9876
62.50,1364.6298
125.00,279.8748
187.50,200.4103
250.00,46.2522
312.50,57.8062
375.00,41.3280
437.50,58.1902
500.00,53.8705
airflow(m/s),3.74
clocktime,120973

0.00,842.9675
62.50,587.4361
125.00,165.5583
187.50,196.5838
250.00,121.4188
312.50,47.7619
375.00,47.4501
437.50,31.0895
500.00,45.3963
airflow(m/s),3.59
clocktime,122802

0.00,433.5878
62.50,475.3049
125.00,83.3657
187.50,159.3998
250.00,146.2417
312.50,77.2664
375.00,24.5309
437.50,47.2561
500.00,34.2838
airflow(m/s),3.74
clocktime,124632

0.00,1556.3575
62.50,728.1008
125.00,120.2277
187.50,66.6792
250.00,66.2677
312.50,20.3615
375.00,33.6039
437.50,18.4921
500.00,5.1830
airflow(m/s),3.90
clocktime,126513

0.00,1167.9789
62.50,1024.8073
125.00,329.8988
187.50,159.6555
250.00,120.1728
312.50,7.1296
375.00,25.5650
437.50,61.0922
500.00,20.5665
airflow(m/s),3.66
clocktime,128343

0.00,2136.5499
62.50,1077.4413
125.00,82.3979
187.50,99.2111
250.00,76.9271
312.50,38.8694
375.00,12.7893
437.50,15.7431
500.00,16.4605
airflow(m/s),4.06
clocktime,130173

0.00,2768.3902
62.50,1582.7346
125.00,338.1777
187.50,177.7753
250.00,124.1739
312.50,109.8014
375.00,200.2551
437.50,291.9126
500.00,368.8821
airflow(m/s),3.82
clocktime,132054

0.00,97.8583
62.50,280.2685
125.00,75.3079
187.50,129.7718
250.00,42.5619
312.50,28.3220
375.00,26.0929
437.50,31.9987
500.00,19.9385
airflow(m/s),3.74
clocktime,133887

0.00,732.8340
62.50,49.5101
125.00,405.8370
187.50,132.7376
250.00,38.4522
312.50,45.1562
375.00,50.5356
437.50,50.7281
500.00,15.4638
airflow(m/s),3.82
clocktime,135714

0.00,118.3421
62.50,450.8756
125.00,38.3715
187.50,153.8240
250.00,61.0421
312.50,124.9977
375.00,98.5967
437.50,112.7514
500.00,191.8477
airflow(m/s),3.90
clocktime,137597

0.00,753.0746
62.50,403.6569
125.00,172.6499
187.50,138.5476
250.00,55.0160
312.50,11.0374
375.00,25.8810
437.50,28.4279
500.00,25.1962
airflow(m/s),4.23
clocktime,139425

0.00,1304.6018
62.50,547.5937
125.00,314.5164
187.50,235.0604
250.00,36.1987
312.50,40.7177
375.00,19.1811
437.50,26.3741
500.00,31.8900
airflow(m/s),3.82
clocktime,141308

0.00,476.4660
62.50,83.9660
125.00,254.7631
187.50,59.1352
250.00,31.0070
312.50,38.4024
375.00,59.5124
437.50,60.1524
500.00,23.0821
airflow(m/s),3.51
clocktime,143137

0.00,410.0442
62.50,127.1048
125.00,237.8986
187.50,152.9202
250.00,137.0749
312.50,40.1958
375.00,23.1000
437.50,52.6308
500.00,33.5996
airflow(m/s),3.44
clocktime,144969

0.00,867.9785
62.50,540.5859
125.00,329.8678
187.50,130.5257
250.00,51.1129
312.50,34.5395
375.00,23.4587
437.50,16.0508
500.00,35.5017
airflow(m/s),3.44
clocktime,146848

0.00,346.2444
62.50,616.1144
125.00,472.8493
187.50,112.2657
250.00,31.9732
312.50,37.0318
375.00,34.2269
437.50,38.7734
500.00,21.4020
airflow(m/s),3.59
clocktime,148680

0.00,2265.1923
62.50,1049.9134
125.00,20.9724
187.50,91.3591
250.00,83.8435
312.50,18.7287
375.00,20.0656
437.50,36.2285
500.00,7.0834
airflow(m/s),3.66
clocktime,150508

0.00,131.2121
62.50,430.7401
125.00,189.5517
187.50,72.4005
250.00,27.7291
312.50,39.5812
375.00,45.0431
437.50,38.3992
500.00,32.6228
airflow(m/s),3.36
clocktime,152390

0.00,751.8465
62.50,462.7832
125.00,205.3909
187.50,122.4059
250.00,79.3479
312.50,58.2545
375.00,27.0356
437.50,57.1402
500.00,36.7419
airflow(m/s),3.66
clocktime,154218

0.00,2639.1761
62.50,1428.0401
125.00,143.9331
187.50,97.0976
250.00,111.4864
312.50,30.4639
375.00,40.8825
437.50,40.1868
500.00,12.0274
airflow(m/s),3.74
clocktime,156051

0.00,283.0731
62.50,202.1550
125.00,113.5478
187.50,98.6022
250.00,51.2883
312.50,43.1809
375.00,18.9994
437.50,56.7699
500.00,48.6433
airflow(m/s),3.82
clocktime,157930

0.00,1563.3839
62.50,555.3208
125.00,129.7222
187.50,92.4830
250.00,92.8019
312.50,49.0575
375.00,33.3094
437.50,57.7464
500.00,34.0691
airflow(m/s),3.66
clocktime,159762

0.00,1009.3330
62.50,711.1471
125.00,237.5562
187.50,95.9227
250.00,85.6454
312.50,32.6545
375.00,11.3843
437.50,41.4300
500.00,43.2859
airflow(m/s),4.32
clocktime,161590

0.00,1235.3421
62.50,489.6136
125.00,267.3129
187.50,52.6075
250.00,76.5808
312.50,13.7126
375.00,24.1270
437.50,12.3328
500.00,6.1345
airflow(m/s),3.36
clocktime,163473

0.00,1136.2483
62.50,935.1522
125.00,410.7307
187.50,60.7990
250.00,119.1416
312.50,32.0853
375.00,15.9840
437.50,28.4786
500.00,1.3562
airflow(m/s),3.36
clocktime,165302

0.00,939.4649
62.50,532.0329
125.00,446.6388
187.50,180.3843
250.00,61.0402
312.50,24.8940
375.00,32.5410
437.50,46.7823
500.00,41.0000
airflow(m/s),3.51
clocktime,167184

0.00,1507.3319
62.50,630.8976
125.00,387.8606
187.50,52.4540
250.00,100.7850
312.50,59.7178
375.00,28.0202
437.50,32.5110
500.00,34.8104
airflow(m/s),3.51
clocktime,169013

0.00,663.3102
62.50,570.2015
125.00,296.7029
187.50,91.5131
250.00,40.0166
312.50,31.7761
375.00,46.3365
437.50,33.1187
500.00,16.2082
airflow(m/s),3.66
clocktime,170844

0.00,2615.4619
62.50,1410.2923
125.00,332.4344
187.50,235.4375
250.00,143.1861
312.50,43.3434
375.00,26.6392
437.50,21.7013
500.00,15.3879
airflow(m/s),3.66
clocktime,172725

0.00,1712.2889
62.50,952.4027
125.00,134.7508
187.50,169.8602
250.00,185.7763
312.50,32.9466
375.00,73.5727
437.50,49.6683
500.00,25.3669
airflow(m/s),3.74
clocktime,174556

0.00,2155.7516
62.50,1332.1838
125.00,421.5181
187.50,23.6322
250.00,3.9047
312.50,99.2432
375.00,70.2047
437.50,40.9780
500.00,23.4527
airflow(m/s),3.66
clocktime,176385

0.00,2516.6181
62.50,990.4481
125.00,176.7136
187.50,53.2696
250.00,71.9413
312.50,14.4033
375.00,8.5115
437.50,9.7361
500.00,1.4744
airflow(m/s),3.66
clocktime,178268

0.00,721.9215
62.50,480.8141
125.00,152.3573
187.50,52.2222
250.00,179.5909
312.50,89.3916
375.00,24.1754
437.50,7.4372
500.00,32.5899
airflow(m/s),3.82
clocktime,180097

0.00,115.1953
62.50,138.6694
125.00,201.8263
187.50,217.8643
250.00,110.5143
312.50,75.5338
375.00,15.9531
437.50,28.6313
500.00,6.4808
airflow(m/s),3.51
clocktime,181928

0.00,2397.2080
62.50,984.4107
125.00,247.4563
187.50,43.9151
250.00,73.4037
312.50,17.3871
375.00,18.8261
437.50,40.8279
500.00,26.1979
airflow(m/s),3.44
clocktime,183812

0.00,1887.3409
62.50,895.9153
125.00,343.1663
187.50,251.7743
250.00,84.0377
312.50,106.3681
375.00,51.1079
437.50,46.4167
500.00,15.7097
airflow(m/s),3.51
clocktime,185639

0.00,2746.3206
62.50,1155.6950
125.00,383.8945
187.50,107.1001
250.00,49.3535
312.50,56.0340
375.00,70.8609
437.50,36.5730
500.00,15.6433
airflow(m/s),3.90
clocktime,187523

0.00,547.7505
62.50,1083.0456
125.00,420.1650
187.50,69.4750
250.00,63.8515
312.50,33.5449
375.00,32.5500
437.50,56.6607
500.00,17.5958
airflow(m/s),3.59
clocktime,189351

0.00,277.5919
62.50,142.8847
125.00,180.0619
187.50,48.2484
250.00,67.6804
312.50,60.5767
375.00,49.0417
437.50,14.0146
500.00,21.8622
airflow(m/s),3.44
clocktime,191184

0.00,417.7601
62.50,433.9807
125.00,129.7600
187.50,207.9749
250.00,119.0058
312.50,64.1038
375.00,34.0944
437.50,42.7615
500.00,15.1940
airflow(m/s),3.59
clocktime,193063

0.00,548.1199
62.50,457.6855
125.00,291.4272
187.50,138.2900
250.00,63.1082
312.50,22.2829
375.00,28.0084
437.50,6.5524
500.00,21.7499
airflow(m/s),3.15
clocktime,194895

0.00,357.3458
62.50,315.0323
125.00,334.4972
187.50,56.5737
250.00,126.0278
312.50,67.1513
375.00,50.9740
437.50,82.3620
500.00,66.2716
airflow(m/s),3.29
clocktime,196723

0.00,149.3179
62.50,62.0097
125.00,241.0044
187.50,241.1680
250.00,77.2618
312.50,43.2303
375.00,29.3972
437.50,26.2865
500.00,25.4451
airflow(m/s),3.29
clocktime,198606

0.00,1418.9128
62.50,708.6803
125.00,253.0004
187.50,99.5790
250.00,99.7955
312.50,36.0668
375.00,23.4708
437.50,26.6902
500.00,35.9665
airflow(m/s),3.66
clocktime,200435

0.00,441.6243
62.50,379.1560
125.00,407.7076
187.50,218.3389
250.00,27.5773
312.50,59.0697
375.00,26.8500
437.50,61.8298
500.00,52.8194
airflow(m/s),3.36
clocktime,202267

0.00,1411.4135
62.50,1060.7622
125.00,137.8374
187.50,221.8013
250.00,200.8475
312.50,49.6440
375.00,26.1584
437.50,28.1575
500.00,25.0267
airflow(m/s),3.59
clocktime,204146

0.00,1053.8487
62.50,731.9560
125.00,352.8783
187.50,130.6850
250.00,172.7770
312.50,66.8999
375.00,39.9366
437.50,48.2761
500.00,38.1372
airflow(m/s),3.44
clocktime,205978

0.00,1565.6133
62.50,640.7238
125.00,369.3087
187.50,141.6217
250.00,61.4041
312.50,20.4514
375.00,38.2003
437.50,33.9707
500.00,18.3333
airflow(m/s),3.36
clocktime,207807

0.00,21.9333
62.50,400.4960
125.00,135.3195
187.50,162.1570
250.00,144.3814
312.50,60.8066
375.00,39.4863
437.50,21.3796
500.00,16.2012
airflow(m/s),3.51
clocktime,209689

0.00,569.0936
62.50,825.3389
125.00,624.7767
187.50,241.3024
250.00,60.0253
312.50,32.2262
375.00,33.7710
437.50,49.6467
500.00,22.8866
airflow(m/s),3.51
clocktime,211518

0.00,964.0159
62.50,438.2299
125.00,269.7499
187.50,163.2666
250.00,83.7070
312.50,67.9363
375.00,24.9958
437.50,28.8461
500.00,13.1743
airflow(m/s),3.59
clocktime,213401

0.00,505.9552
62.50,280.2841
125.00,207.3537
187.50,130.0687
250.00,53.8140
312.50,17.0035
375.00,20.7706
437.50,24.6341
500.00,13.3141
airflow(m/s),3.66
clocktime,215230

0.00,79.7733
62.50,560.6558
125.00,414.1435
187.50,211.8707
250.00,95.7003
312.50,38.8724
375.00,43.0443
437.50,36.5966
500.00,48.9596
airflow(m/s),3.66
clocktime,217061

0.00,575.0635
62.50,330.7884
125.00,31.2222
187.50,180.2051
250.00,169.4047
312.50,62.8733
375.00,56.1067
437.50,31.0403
500.00,17.5139
airflow(m/s),3.66
clocktime,218940

0.00,1280.1668
62.50,783.3041
125.00,256.9581
187.50,131.1939
250.00,71.6394
312.50,54.9498
375.00,49.6593
437.50,36.5146
500.00,13.8581
airflow(m/s),3.74
clocktime,220773

0.00,16.1797
62.50,624.0758
125.00,454.6650
187.50,27.8246
250.00,61.8908
312.50,41.5238
375.00,22.5379
437.50,21.3007
500.00,31.0494
airflow(m/s),3.44
clocktime,222602

0.00,535.3829
62.50,887.2772
125.00,424.1230
187.50,280.7649
250.00,162.4830
312.50,43.1139
375.00,62.9715
437.50,56.7268
500.00,36.3102
airflow(m/s),3.51
clocktime,224484

0.00,3417.7116
62.50,1664.9487
125.00,215.0939
187.50,233.5272
250.00,124.4514
312.50,96.3886
375.00,9.2354
437.50,31.8761
500.00,28.3695
airflow(m/s),3.59
clocktime,226313

0.00,2104.4906
62.50,1140.8730
125.00,481.7233
187.50,162.0060
250.00,36.2059
312.50,28.2248
375.00,4.1529
437.50,28.1763
500.00,42.4040
airflow(m/s),3.51
clocktime,228460

0.00,218.1567
62.50,129.8113
125.00,152.0803
187.50,84.4829
250.00,173.9750
312.50,80.8227
375.00,21.9407
437.50,72.9718
500.00,63.4321
airflow(m/s),3.44
clocktime,230338

0.00,2164.4628
62.50,1255.3261
125.00,376.1201
187.50,110.9987
250.00,39.9470
312.50,23.5691
375.00,38.9571
437.50,51.3328
500.00,10.0885
airflow(m/s),3.51
clocktime,232170

0.00,265.3978
62.50,1126.7553
125.00,412.2936
187.50,203.7497
250.00,146.0656
312.50,89.7918
375.00,21.1757
437.50,42.3622
500.00,14.1220
airflow(m/s),3.51
clocktime,234048

0.00,314.0075
62.50,455.1777
125.00,353.3543
187.50,310.9185
250.00,120.2695
312.50,43.9642
375.00,31.4010
437.50,16.8047
500.00,19.5246
airflow(m/s),3.66
clocktime,235881

0.00,1461.6024
62.50,982.8503
125.00,411.0298
187.50,169.7094
250.00,124.8982
312.50,78.2217
375.00,51.0687
437.50,27.7896
500.00,17.6537
airflow(m/s),3.59
clocktime,237710

0.00,1385.1504
62.50,913.3089
125.00,136.5318
187.50,186.0696
250.00,140.7670
312.50,63.1250
375.00,18.1093
437.50,39.1233
500.00,35.6686
airflow(m/s),3.74
clocktime,239594

0.00,1910.8017
62.50,928.3920
125.00,210.9866
187.50,194.7044
250.00,117.5857
312.50,22.0520
375.00,11.9189
437.50,27.8353
500.00,10.3651
airflow(m/s),3.59
clocktime,241422

0.00,678.1739
62.50,513.2344
125.00,175.6567
187.50,72.8450
250.00,57.3794
312.50,34.2225
375.00,33.9628
437.50,30.3867
500.00,29.5130
airflow(m/s),3.66
clocktime,243256

0.00,1312.8293
62.50,1184.6353
125.00,283.9068
187.50,74.6056
250.00,80.6763
312.50,21.6867
375.00,40.0768
437.50,34.1862
500.00,6.3927
airflow(m/s),3.51
clocktime,245135

0.00,1925.8429
62.50,995.8645
125.00,374.4914
187.50,67.0430
250.00,63.8177
312.50,80.2470
375.00,45.7370
437.50,21.3103
500.00,18.6848
airflow(m/s),3.22
clocktime,246968

0.00,1513.4740
62.50,709.1777
125.00,369.0633
187.50,320.5302
250.00,54.6135
312.50,60.7068
375.00,53.9486
437.50,39.9845
500.00,17.9416
airflow(m/s),3.36
clocktime,248796

0.00,1797.2811
62.50,1317.1880
125.00,437.6198
187.50,100.7695
250.00,48.2228
312.50,55.2588
375.00,13.3162
437.50,31.3923
500.00,18.0527
airflow(m/s),3.90
clocktime,250679

0.00,1084.1327
62.50,700.7878
125.00,238.1351
187.50,268.3362
250.00,157.3163
312.50,37.6833
375.00,46.2256
437.50,37.7153
500.00,46.9456
airflow(m/s),3.51
clocktime,252508

0.00,1007.0275
62.50,396.7540
125.00,173.4165
187.50,168.8194
250.00,171.5091
312.50,79.0551
375.00,31.3306
437.50,12.4003
500.00,12.8882
airflow(m/s),3.29
clocktime,254340

0.00,1462.5083
62.50,1109.7261
125.00,210.3966
187.50,11.5185
250.00,149.5655
312.50,72.7436
375.00,10.9748
437.50,14.4279
500.00,11.7470
airflow(m/s),3.82
clocktime,256219

0.00,1091.9846
62.50,497.7932
125.00,93.9618
187.50,160.7329
250.00,240.1258
312.50,19.5402
375.00,64.8905
437.50,57.6340
500.00,46.0391
airflow(m/s),3.15
clocktime,258050

0.00,299.4145
62.50,730.0720
125.00,300.4149
187.50,317.6175
250.00,240.5708
312.50,47.4618
375.00,32.3851
437.50,53.1866
500.00,27.8038
airflow(m/s),3.59
clocktime,259930

0.00,167.0911
62.50,251.0289
125.00,309.1318
187.50,87.1775
250.00,10.3746
312.50,26.4891
375.00,33.5179
437.50,22.4770
500.00,24.9596
airflow(m/s),3.22
clocktime,261762

0.00,13.8917
62.50,148.7494
125.00,401.4075
187.50,199.4937
250.00,110.7213
312.50,35.0329
375.00,27.2201
437.50,33.1718
500.00,13.9610
airflow(m/s),3.51
clocktime,263591

0.00,3127.9099
62.50,1369.3108
125.00,331.2535
187.50,262.2448
250.00,123.9003
312.50,6.9468
375.00,26.9760
437.50,37.9640
500.00,29.1382
airflow(m/s),3.36
clocktime,265475

0.00,336.8822
62.50,540.7107
125.00,405.6252
187.50,198.1281
250.00,84.5051
312.50,45.2274
375.00,42.6523
437.50,25.5189
500.00,18.1034
airflow(m/s),3.51
clocktime,267304

0.00,954.2378
62.50,533.5174
125.00,126.4227
187.50,113.4040
250.00,141.6668
312.50,38.6442
375.00,60.2773
437.50,32.4774
500.00,38.9227
airflow(m/s),3.44
clocktime,269135

0.00,2643.6243
62.50,1463.6121
125.00,313.3193
187.50,158.9985
250.00,143.4770
312.50,18.4917
375.00,24.2417
437.50,61.6704
500.00,43.5527
airflow(m/s),3.44
clocktime,271015

0.00,171.1406
62.50,400.6489
125.00,272.7411
187.50,127.5368
250.00,69.9533
312.50,54.4916
375.00,9.8455
437.50,6.1866
500.00,10.2470
airflow(m/s),3.51
clocktime,272846

0.00,129.4446
62.50,634.4645
125.00,287.3773
187.50,126.8506
250.00,66.6012
312.50,58.7869
375.00,27.9584
437.50,22.3123
500.00,24.2111
airflow(m/s),3.59
clocktime,274676

0.00,1239.1094
62.50,378.6414
125.00,505.4785
187.50,262.4815
250.00,222.0921
312.50,195.5116
375.00,117.3271
437.50,82.5112
500.00,66.7750
airflow(m/s),3.59
clocktime,276558

0.00,486.1920
62.50,837.3946
125.00,530.2307
187.50,275.9242
250.00,162.0113
312.50,75.6544
375.00,30.8965
437.50,22.2470
500.00,20.6660
airflow(m/s),3.90
clocktime,278391

0.00,473.5160
62.50,557.0472
125.00,462.0627
187.50,213.1840
250.00,24.3260
312.50,47.0421
375.00,98.1428
437.50,60.3049
500.00,37.3267
airflow(m/s),4.06
clocktime,280269

0.00,453.9681
62.50,288.6787
125.00,261.9354
187.50,239.3638
250.00,16.8617
312.50,23.9387
375.00,45.6272
437.50,53.9288
500.00,21.5072
airflow(m/s),3.82
clocktime,282103

0.00,4279.9361
62.50,3271.9711
125.00,873.3173
187.50,164.9533
250.00,259.7943
312.50,98.3081
375.00,40.5449
437.50,27.0901
500.00,45.6306
airflow(m/s),3.66
clocktime,283931

0.00,401.1353
62.50,340.2049
125.00,152.4123
187.50,117.7384
250.00,24.7418
312.50,74.0597
375.00,41.2972
437.50,56.1844
500.00,38.5081
airflow(m/s),3.44
clocktime,285815

0.00,1097.1534
62.50,893.2110
125.00,437.4590
187.50,144.0766
250.00,84.9203
312.50,98.1172
375.00,41.7049
437.50,36.4187
500.00,37.8091
airflow(m/s),3.82
clocktime,287643

0.00,293.1370
62.50,159.1206
125.00,332.8001
187.50,346.4219
250.00,112.9374
312.50,51.3243
375.00,48.1555
437.50,43.1056
500.00,10.4216
airflow(m/s),3.59
clocktime,289475

0.00,702.5821
62.50,716.2852
125.00,251.8581
187.50,127.8954
250.00,125.0426
312.50,63.3934
375.00,42.2948
437.50,6.5975
500.00,45.2664
airflow(m/s),3.82
clocktime,291354

0.00,1417.1740
62.50,611.1149
125.00,244.0787
187.50,42.0474
250.00,94.2539
312.50,13.0495
375.00,25.4908
437.50,22.9353
500.00,13.8945
airflow(m/s),3.51
clocktime,293187

0.00,3203.5769
62.50,2134.5655
125.00,842.3917
187.50,416.9598
250.00,87.3163
312.50,35.8742
375.00,190.2105
437.50,84.3583
500.00,60.2602
airflow(m/s),3.36
clocktime,295015

0.00,2303.8432
62.50,1522.2912
125.00,579.6193
187.50,196.1661
250.00,43.8594
312.50,31.0157
375.00,12.1854
437.50,20.7458
500.00,14.4284
airflow(m/s),3.74
clocktime,296898

0.00,2437.3804
62.50,922.3973
125.00,283.2605
187.50,195.4904
250.00,56.9021
312.50,47.3642
375.00,18.7307
437.50,2.5069
500.00,8.0830
airflow(m/s),3.74
clocktime,298727

0.00,796.0416
62.50,602.2827
125.00,486.1792
187.50,168.5727
250.00,81.9752
312.50,33.7146
375.00,95.7813
437.50,76.1030
500.00,67.2372
airflow(m/s),3.82
clocktime,300610

0.00,534.9415
62.50,618.1515
125.00,96.4866
187.50,400.9202
250.00,256.2061
312.50,20.0031
375.00,15.1596
437.50,29.4312
500.00,17.2641
airflow(m/s),4.15
clocktime,302439

0.00,1220.7038
62.50,813.9557
125.00,302.8373
187.50,92.8000
250.00,117.6937
312.50,28.8057
375.00,20.2313
437.50,21.3548
500.00,8.7436
airflow(m/s),3.44
clocktime,304271

0.00,25.5803
62.50,175.0253
125.00,112.7693
187.50,142.8057
250.00,49.0163
312.50,9.9999
375.00,28.0740
437.50,35.4953
500.00,6.8244
airflow(m/s),3.51
clocktime,306113

0.00,525.2763
62.50,977.2612
125.00,365.3460
187.50,232.3541
250.00,118.2206
312.50,6.6324
375.00,53.0428
437.50,34.4067
500.00,15.5772
airflow(m/s),3.44
clocktime,307946

0.00,2257.2326
62.50,1336.4589
125.00,132.8266
187.50,209.8368
250.00,81.6263
312.50,146.4827
375.00,98.3847
437.50,47.2384
500.00,28.4068
airflow(m/s),3.59
clocktime,309775

0.00,706.4878
62.50,393.1449
125.00,197.2286
187.50,109.6442
250.00,170.7353
312.50,104.1595
375.00,33.8554
437.50,8.6131
500.00,14.4950
airflow(m/s),3.22
clocktime,311658

0.00,551.9595
62.50,279.8134
125.00,549.7167
187.50,168.7295
250.00,163.5823
312.50,92.8656
375.00,76.4932
437.50,67.1106
500.00,18.8295
airflow(m/s),3.22
clocktime,313487

0.00,402.2396
62.50,361.8771
125.00,54.5050
187.50,62.0942
250.00,48.9718
312.50,55.4213
375.00,36.6820
437.50,25.8326
500.00,21.4387
airflow(m/s),3.36
clocktime,315320

0.00,1926.6913
62.50,1229.7303
125.00,528.2814
187.50,211.4661
250.00,113.8992
312.50,25.8824
375.00,12.7597
437.50,21.8198
500.00,15.2196
airflow(m/s),3.22
clocktime,317200

0.00,401.6946
62.50,584.2413
125.00,545.3284
187.50,374.6367
250.00,124.7845
312.50,55.6579
375.00,41.3244
437.50,39.2116
500.00,20.2466
airflow(m/s),3.44
clocktime,319032

0.00,360.1126
62.50,301.5068
125.00,304.9103
187.50,58.7116
250.00,53.6923
312.50,34.7282
375.00,15.9607
437.50,29.3601
500.00,18.9315
airflow(m/s),3.44
clocktime,320861

0.00,1846.2292
62.50,890.1208
125.00,151.6487
187.50,181.4045
250.00,100.1372
312.50,72.5468
375.00,50.1666
437.50,18.1004
500.00,14.8162
airflow(m/s),3.66
clocktime,322743

0.00,335.5324
62.50,169.8669
125.00,200.6450
187.50,261.3078
250.00,188.4226
312.50,71.1177
375.00,13.3924
437.50,6.2870
500.00,13.0197
airflow(m/s),3.98
clocktime,324572

0.00,1461.0603
62.50,851.4569
125.00,301.7605
187.50,151.5586
250.00,70.4631
312.50,31.2465
375.00,29.1009
437.50,18.6889
500.00,44.6243
airflow(m/s),3.98
clocktime,326417

0.00,132.6411
62.50,324.1957
125.00,297.6004
187.50,195.3041
250.00,157.4275
312.50,68.6914
375.00,61.8273
437.50,34.2545
500.00,10.4577
airflow(m/s),4.06
clocktime,328247

0.00,1996.5046
62.50,613.1845
125.00,399.2434
187.50,901.0384
250.00,625.7626
312.50,390.5683
375.00,653.4630
437.50,65.9018
500.00,34.3880
airflow(m/s),3.90
clocktime,330079

0.00,925.5237
62.50,303.8377
125.00,27.0936
187.50,207.8634
250.00,68.2625
312.50,22.2987
375.00,109.9873
437.50,115.6786
500.00,56.8970
airflow(m/s),3.51
clocktime,331959

0.00,31.8187
62.50,346.1563
125.00,234.7706
187.50,281.3185
250.00,60.6429
312.50,57.5157
375.00,24.2262
437.50,28.2552
500.00,30.8414
airflow(m/s),3.66
clocktime,333790

0.00,1396.7502
62.50,593.8049
125.00,179.2180
187.50,193.9973
250.00,120.8399
312.50,40.9153
375.00,34.6982
437.50,53.6908
500.00,13.5148
airflow(m/s),3.66
clocktime,335621

0.00,912.9331
62.50,528.0822
125.00,356.4568
187.50,129.6218
250.00,67.7571
312.50,45.7163
375.00,32.3808
437.50,8.4600
500.00,13.3602
airflow(m/s),3.98
clocktime,337503

0.00,1343.9683
62.50,666.4858
125.00,71.3380
187.50,104.1599
250.00,102.0571
312.50,49.1120
375.00,41.7889
437.50,59.3208
500.00,56.9793
airflow(m/s),3.66
clocktime,339335

0.00,303.0901
62.50,535.5918
125.00,354.5389
187.50,89.5727
250.00,62.3278
312.50,55.5752
375.00,34.8600
437.50,18.2858
500.00,36.0448
airflow(m/s),3.44
clocktime,341532

0.00,617.2509
62.50,126.4264
125.00,299.9600
187.50,68.0153
250.00,42.2076
312.50,36.2193
375.00,64.7570
437.50,54.3062
500.00,24.6526
airflow(m/s),3.66
clocktime,343416

0.00,899.0202
62.50,793.9156
125.00,319.6547
187.50,106.9879
250.00,48.8927
312.50,69.0473
375.00,65.3529
437.50,39.1839
500.00,49.6417
airflow(m/s),3.74
clocktime,345244

0.00,1073.7586
62.50,741.2294
125.00,216.4285
187.50,80.6265
250.00,108.4466
312.50,68.9236
375.00,7.7393
437.50,18.5788
500.00,19.6734
airflow(m/s),3.66
clocktime,347129

0.00,219.9944
62.50,449.2226
125.00,223.0070
187.50,191.4839
250.00,111.4280
312.50,374.1166
375.00,400.1694
437.50,357.3076
500.00,726.1370
airflow(m/s),3.51
clocktime,348957

0.00,851.2786
62.50,399.4975
125.00,63.2262
187.50,33.3126
250.00,53.5239
312.50,68.2389
375.00,35.5136
437.50,30.3910
500.00,15.5072
airflow(m/s),3.82
clocktime,350791

0.00,828.7359
62.50,378.0961
125.00,213.4634
187.50,232.7814
250.00,170.8283
312.50,65.1056
375.00,48.5155
437.50,45.9768
500.00,43.3187
airflow(m/s),3.51
clocktime,352670

0.00,1225.8490
62.50,598.1363
125.00,148.1332
187.50,141.6584
250.00,29.6140
312.50,8.9011
375.00,47.0462
437.50,33.6941
500.00,25.1041
airflow(m/s),3.51
clocktime,354502

0.00,537.5127
62.50,371.8589
125.00,139.6683
187.50,251.3549
250.00,82.6871
312.50,72.3192
375.00,38.6709
437.50,13.7173
500.00,38.1248
airflow(m/s),4.15
clocktime,356331

0.00,1039.8313
62.50,634.2798
125.00,168.7414
187.50,95.1062
250.00,132.5048
312.50,82.3701
375.00,41.7590
437.50,10.3977
500.00,33.5746
airflow(m/s),3.51
clocktime,358215

0.00,468.3291
62.50,295.1051
125.00,200.0179
187.50,61.0016
250.00,18.0354
312.50,10.4552
375.00,11.8317
437.50,49.9867
500.00,49.7881
airflow(m/s),4.58
clocktime,360044

0.00,891.5248
62.50,473.2930
125.00,253.5793
187.50,158.1414
250.00,118.0333
312.50,30.8683
375.00,32.0538
437.50,101.8416
500.00,70.0102
airflow(m/s),3.74
clocktime,361876

0.00,60.5092
62.50,589.4965
125.00,235.1860
187.50,80.4503
250.00,88.1397
312.50,38.5181
375.00,36.4591
437.50,32.5735
500.00,18.1291
airflow(m/s),3.66
clocktime,363756

0.00,1279.6837
62.50,1072.6483
125.00,453.9814
187.50,125.3096
250.00,104.5268
312.50,37.1539
375.00,22.0107
437.50,24.7484
500.00,42.5569
airflow(m/s),4.67
clocktime,365588

0.00,1870.3910
62.50,1048.5578
125.00,136.0188
187.50,122.5893
250.00,86.1693
312.50,33.2139
375.00,39.0682
437.50,43.1551
500.00,34.4045
airflow(m/s),3.66
clocktime,367469

0.00,501.1753
62.50,331.0071
125.00,308.7459
187.50,236.0997
250.00,92.0275
312.50,21.3543
375.00,34.2132
437.50,16.6088
500.00,20.7230
airflow(m/s),3.66
clocktime,369301

0.00,1885.7044
62.50,801.4659
125.00,176.9714
187.50,89.0820
250.00,26.4632
312.50,37.6452
375.00,17.7226
437.50,32.0191
500.00,33.0473
airflow(m/s),3.74
clocktime,371130

0.00,1981.0326
62.50,895.4740
125.00,102.3556
187.50,264.4552
250.00,195.7064
312.50,66.8623
375.00,28.7825
437.50,3.8858
500.00,25.6720
airflow(m/s),3.74
clocktime,373013

0.00,30.0415
62.50,152.6213
125.00,130.3247
187.50,123.3936
250.00,126.4245
312.50,52.2385
375.00,39.8914
437.50,53.1549
500.00,29.2220
airflow(m/s),3.66
clocktime,374843

0.00,759.8778
62.50,717.0656
125.00,250.3386
187.50,177.6767
250.00,87.5435
312.50,47.8146
375.00,17.6316
437.50,7.4820
500.00,17.2044
airflow(m/s),3.36
clocktime,376674

0.00,1936.4079
62.50,1260.0135
125.00,520.7149
187.50,164.2643
250.00,55.4102
312.50,13.7331
375.00,14.2793
437.50,33.2990
500.00,30.2785
airflow(m/s),3.59
clocktime,378517

0.00,828.2575
62.50,633.6873
125.00,240.7938
187.50,133.5025
250.00,164.0032
312.50,35.5997
375.00,33.8191
437.50,13.6089
500.00,56.4095
airflow(m/s),3.51
clocktime,380350

0.00,1393.9333
62.50,1111.2992
125.00,462.6970
187.50,184.4489
250.00,139.7706
312.50,82.4770
375.00,38.5571
437.50,61.4456
500.00,44.8436
airflow(m/s),3.36
clocktime,382179

0.00,2424.7295
62.50,1140.9230
125.00,113.5166
187.50,224.7961
250.00,150.4550
312.50,66.8232
375.00,27.7527
437.50,7.4711
500.00,20.7431
airflow(m/s),3.36
clocktime,384062

0.00,1164.7951
62.50,896.9804
125.00,479.1698
187.50,49.1536
250.00,86.6563
312.50,13.9680
375.00,11.7197
437.50,50.7641
500.00,77.4819
airflow(m/s),3.82
clocktime,385893

0.00,412.4568
62.50,827.9882
125.00,424.2271
187.50,131.2256
250.00,154.8348
312.50,41.4126
375.00,25.6136
437.50,17.4399
500.00,6.8383
airflow(m/s),3.44
clocktime,387724

0.00,1766.9353
62.50,735.4518
125.00,105.8817
187.50,67.0657
250.00,131.1742
312.50,77.5035
375.00,43.9484
437.50,21.5056
500.00,7.1049
airflow(m/s),3.90
clocktime,389605

0.00,1244.5438
62.50,947.7774
125.00,338.4904
187.50,89.8293
250.00,83.0923
312.50,19.4391
375.00,38.1426
437.50,41.7545
500.00,38.9465
airflow(m/s),3.74
clocktime,391437

0.00,757.1659
62.50,704.6228
125.00,352.2611
187.50,45.5628
250.00,79.9407
312.50,55.0740
375.00,12.6523
437.50,21.7673
500.00,18.3653
airflow(m/s),3.74
clocktime,393322

0.00,1539.0014
62.50,769.2317
125.00,79.7962
187.50,156.2751
250.00,144.7970
312.50,29.4797
375.00,36.2964
437.50,20.6686
500.00,22.0914
airflow(m/s),3.44
clocktime,395149

0.00,1754.4019
62.50,486.3096
125.00,228.1969
187.50,160.0761
250.00,144.9370
312.50,40.2010
375.00,85.0874
437.50,164.7105
500.00,114.5011
airflow(m/s),3.51
clocktime,396982

0.00,1465.1741
62.50,874.4337
125.00,100.8935
187.50,184.2212
250.00,111.9366
312.50,15.7109
375.00,57.4543
437.50,34.1879
500.00,24.5641
airflow(m/s),3.59
clocktime,398861

0.00,2375.4887
62.50,1050.7009
125.00,96.7825
187.50,42.8921
250.00,107.4687
312.50,25.4480
375.00,40.3124
437.50,44.2683
500.00,26.1534
airflow(m/s),3.44
clocktime,400694

0.00,255.5055
62.50,679.4523
125.00,483.5687
187.50,88.6380
250.00,34.6728
312.50,32.4210
375.00,28.2843
437.50,24.2563
500.00,10.1848
airflow(m/s),3.36
clocktime,402522

0.00,2008.2130
62.50,1166.9604
125.00,271.6732
187.50,215.6815
250.00,67.3273
312.50,65.9971
375.00,73.2343
437.50,58.6914
500.00,15.3740
airflow(m/s),3.36
clocktime,404408

0.00,2535.0264
62.50,1178.3622
125.00,425.4725
187.50,182.9505
250.00,17.1877
312.50,15.9847
375.00,55.4090
437.50,58.0345
500.00,21.8628
airflow(m/s),3.36
clocktime,406237

0.00,164.0260
62.50,797.0578
125.00,381.1092
187.50,76.7591
250.00,163.0265
312.50,70.5318
375.00,6.1341
437.50,46.5901
500.00,50.7846
airflow(m/s),3.36
clocktime,408070

0.00,1209.4147
62.50,626.7251
125.00,273.8890
187.50,115.0590
250.00,109.3929
312.50,32.5281
375.00,17.0363
437.50,10.6542
500.00,26.9852
airflow(m/s),3.44
clocktime,409949

0.00,614.7434
62.50,497.7815
125.00,100.0601
187.50,104.2714
250.00,108.3179
312.50,87.7229
375.00,13.4623
437.50,9.4838
500.00,15.7394
airflow(m/s),3.44
clocktime,411782

0.00,112.3767
62.50,299.4496
125.00,153.5170
187.50,58.3877
250.00,170.2237
312.50,92.8220
375.00,61.9350
437.50,28.6387
500.00,30.7384
airflow(m/s),3.15
clocktime,413663

0.00,404.6170
62.50,548.0218
125.00,212.0193
187.50,170.6902
250.00,162.8174
312.50,110.4464
375.00,40.5428
437.50,20.4148
500.00,31.3849
airflow(m/s),3.29
clocktime,415495

0.00,1567.4821
62.50,924.3225
125.00,387.5757
187.50,212.9566
250.00,15.7243
312.50,12.9448
375.00,19.7893
437.50,24.8189
500.00,38.2664
airflow(m/s),3.44
clocktime,417325

0.00,1841.5982
62.50,612.0038
125.00,396.5381
187.50,349.3455
250.00,155.3232
312.50,75.0124
375.00,22.3499
437.50,27.6191
500.00,28.3867
airflow(m/s),3.22
clocktime,419208

0.00,2690.5090
62.50,1143.1315
125.00,496.6327
187.50,313.2029
250.00,104.5336
312.50,59.5221
375.00,38.7970
437.50,28.4979
500.00,33.7444
airflow(m/s),3.22
clocktime,421037

0.00,3313.8542
62.50,1647.4999
125.00,281.1827
187.50,208.2970
250.00,43.6592
312.50,62.7527
375.00,54.4213
437.50,18.7395
500.00,28.0012
airflow(m/s),3.29
clocktime,422869

0.00,1312.1899
62.50,993.9893
125.00,351.1416
187.50,144.8919
250.00,153.2249
312.50,137.2779
375.00,67.1223
437.50,47.2857
500.00,38.8580
airflow(m/s),3.29
clocktime,424749

0.00,259.8034
62.50,939.2357
125.00,477.4784
187.50,270.5868
250.00,144.9316
312.50,88.9151
375.00,26.5672
437.50,26.8213
500.00,18.9516
airflow(m/s),3.36
clocktime,426582

0.00,2903.1608
62.50,1561.1430
125.00,207.1919
187.50,35.5462
250.00,37.2532
312.50,65.0858
375.00,34.8675
437.50,34.5465
500.00,46.4771
airflow(m/s),3.51
clocktime,428411

0.00,2245.4245
62.50,1248.8964
125.00,189.8196
187.50,108.9581
250.00,117.7269
312.50,66.1609
375.00,43.8984
437.50,65.3570
500.00,48.0660
airflow(m/s),3.51
clocktime,430294

0.00,370.5740
62.50,624.2051
125.00,284.4514
187.50,93.7464
250.00,89.8007
312.50,74.7886
375.00,79.5554
437.50,39.6686
500.00,29.5337
airflow(m/s),3.36
clocktime,432124

0.00,1585.3468
62.50,942.0065
125.00,98.0760
187.50,142.4453
250.00,46.5794
312.50,43.6637
375.00,9.9941
437.50,27.5007
500.00,10.2138
airflow(m/s),3.29
clocktime,434006

0.00,971.3284
62.50,863.9420
125.00,442.2094
187.50,98.2878
250.00,30.3977
312.50,23.5558
375.00,17.7777
437.50,28.3898
500.00,2.1620
airflow(m/s),3.44
clocktime,435837

0.00,678.0072
62.50,274.8457
125.00,221.4621
187.50,149.7791
250.00,117.1534
312.50,52.3210
375.00,38.7651
437.50,32.4830
500.00,10.8753
airflow(m/s),3.51
clocktime,437668

0.00,522.4894
62.50,777.3872
125.00,415.3360
187.50,107.0533
250.00,76.8501
312.50,141.1192
375.00,163.9150
437.50,169.7883
500.00,73.3823
airflow(m/s),3.74
clocktime,439549

0.00,1954.6208
62.50,933.1528
125.00,214.7412
187.50,216.4895
250.00,138.2276
312.50,101.3470
375.00,9.2410
437.50,39.5125
500.00,33.9540
airflow(m/s),3.29
clocktime,441381

0.00,1634.4755
62.50,856.2303
125.00,108.3261
187.50,201.1917
250.00,188.3821
312.50,76.4939
375.00,25.9904
437.50,21.0758
500.00,17.5892
airflow(m/s),3.66
clocktime,443212

0.00,460.8470
62.50,227.8502
125.00,134.8026
187.50,47.4103
250.00,59.8032
312.50,79.4251
375.00,18.8960
437.50,36.1835
500.00,23.6411
airflow(m/s),3.29
clocktime,445095

0.00,546.4378
62.50,624.5819
125.00,399.4527
187.50,136.2247
250.00,118.4784
312.50,26.4904
375.00,13.7068
437.50,37.3703
500.00,33.9009
airflow(m/s),3.36
clocktime,446929

0.00,483.6028
62.50,340.6615
125.00,249.2540
187.50,202.3969
250.00,124.8946
312.50,62.7862
375.00,80.3459
437.50,65.6257
500.00,35.7313
airflow(m/s),3.51
clocktime,448758

0.00,1243.9984
62.50,597.4182
125.00,232.1804
187.50,148.9800
250.00,108.6501
312.50,88.2953
375.00,27.8652
437.50,15.7146
500.00,22.2848
airflow(m/s),3.44
clocktime,450642

0.00,1263.6942
62.50,417.1828
125.00,239.9857
187.50,29.6069
250.00,97.9542
312.50,45.0343
375.00,26.4378
437.50,17.3600
500.00,16.5201
airflow(m/s),3.51
clocktime,452470

0.00,181.7985
62.50,394.3529
125.00,157.4132
187.50,49.7029
250.00,86.4954
312.50,41.5425
375.00,27.0206
437.50,31.5753
500.00,19.0166
airflow(m/s),3.36
clocktime,454304

0.00,638.0742
62.50,530.0269
125.00,546.1550
187.50,294.7441
250.00,114.5352
312.50,20.4815
375.00,43.5329
437.50,7.4630
500.00,9.5991
airflow(m/s),3.59
clocktime,456184

0.00,845.5297
62.50,671.5747
125.00,193.1708
187.50,145.1323
250.00,86.0951
312.50,44.2527
375.00,54.7452
437.50,51.3684
500.00,30.9770
airflow(m/s),3.90
clocktime,458017

0.00,458.4896
62.50,310.1904
125.00,139.3070
187.50,61.1744
250.00,99.6119
312.50,37.1440
375.00,24.3057
437.50,18.3255
500.00,15.9142
airflow(m/s),3.44
clocktime,459897

0.00,667.7486
62.50,617.0131
125.00,384.3125
187.50,274.1613
250.00,193.2745
312.50,66.2218
375.00,8.4131
437.50,32.3593
500.00,37.0556
airflow(m/s),3.36
clocktime,461730

0.00,866.5811
62.50,397.9041
125.00,331.4323
187.50,141.3435
250.00,38.5487
312.50,10.8989
375.00,30.9344
437.50,28.4309
500.00,35.5669
airflow(m/s),3.66
clocktime,463559

0.00,1539.9277
62.50,1087.4094
125.00,456.4177
187.50,168.5610
250.00,72.9427
312.50,37.8554
375.00,29.7163
437.50,14.1855
500.00,30.1535
airflow(m/s),3.36
clocktime,465444

0.00,2140.2527
62.50,1132.3879
125.00,305.7932
187.50,241.1343
250.00,125.0772
312.50,59.3912
375.00,26.0738
437.50,16.3224
500.00,27.2219
airflow(m/s),3.36
clocktime,467273

0.00,608.0114
62.50,325.4535
125.00,166.7659
187.50,128.6115
250.00,74.3629
312.50,59.7103
375.00,51.5210
437.50,29.0668
500.00,24.2779
airflow(m/s),3.90
clocktime,469107

0.00,2575.3321
62.50,1455.6160
125.00,177.6649
187.50,205.5833
250.00,169.8953
312.50,8.9296
375.00,31.5019
437.50,37.3561
500.00,50.6985
airflow(m/s),3.22
clocktime,470987

0.00,1926.0123
62.50,916.8789
125.00,308.0476
187.50,184.4955
250.00,140.3416
312.50,89.9923
375.00,21.4776
437.50,19.4061
500.00,13.7191
airflow(m/s),3.15
clocktime,472819

0.00,500.2738
62.50,547.6204
125.00,416.1975
187.50,118.4340
250.00,100.8903
312.50,54.8380
375.00,44.6952
437.50,47.0048
500.00,33.8920
airflow(m/s),3.66
clocktime,474649

0.00,2140.4699
62.50,1228.9274
125.00,214.0716
187.50,150.2508
250.00,138.0784
312.50,11.7963
375.00,49.0575
437.50,60.9510
500.00,40.9055
airflow(m/s),3.44
clocktime,476532

0.00,1308.5095
62.50,892.1123
125.00,247.6424
187.50,95.9763
250.00,84.7382
312.50,38.4917
375.00,12.5032
437.50,5.7550
500.00,28.6564
airflow(m/s),3.29
clocktime,478361

0.00,623.2958
62.50,454.9797
125.00,356.1488
187.50,200.8704
250.00,129.1971
312.50,97.9965
375.00,32.7289
437.50,1.5018
500.00,14.8699
airflow(m/s),4.15
clocktime,480245

0.00,1080.2785
62.50,713.2519
125.00,247.5155
187.50,273.1650
250.00,138.2969
312.50,31.0949
375.00,8.7179
437.50,38.9165
500.00,1.8839
airflow(m/s),3.44
clocktime,482075

0.00,1613.9318
62.50,608.1208
125.00,334.9449
187.50,137.8318
250.00,63.6171
312.50,54.1240
375.00,33.3564
437.50,30.9173
500.00,41.9343
airflow(m/s),3.22
clocktime,483907

0.00,117.6642
62.50,437.3001
125.00,401.3199
187.50,193.9596
250.00,66.1576
312.50,40.1352
375.00,22.1913
437.50,29.0378
500.00,6.5105
airflow(m/s),3.15
clocktime,485788

0.00,740.9068
62.50,401.9404
125.00,185.4417
187.50,145.8170
250.00,123.3016
312.50,58.5253
375.00,75.4301
437.50,75.7100
500.00,42.8475
airflow(m/s),3.22
clocktime,487620

0.00,2902.6582
62.50,1241.6453
125.00,290.7614
187.50,251.1089
250.00,131.4008
312.50,55.1850
375.00,22.6415
437.50,21.2403
500.00,9.1280
airflow(m/s),3.66
clocktime,489450

0.00,611.3735
62.50,618.7185
125.00,354.7652
187.50,139.2427
250.00,60.9684
312.50,48.0205
375.00,39.3121
437.50,7.8378
500.00,27.8257
airflow(m/s),3.22
clocktime,491334

0.00,1088.6703
62.50,508.4205
125.00,92.8323
187.50,214.5245
250.00,144.8377
312.50,7.6960
375.00,55.1927
437.50,46.1819
500.00,39.5427
airflow(m/s),3.29
clocktime,493165

0.00,2405.0152
62.50,1437.3277
125.00,330.9502
187.50,48.0531
250.00,70.6536
312.50,54.9716
375.00,22.1303
437.50,1.5885
500.00,9.2972
airflow(m/s),3.59
clocktime,494996

0.00,1652.8473
62.50,605.5679
125.00,252.0980
187.50,164.0507
250.00,51.1421
312.50,44.7031
375.00,11.8499
437.50,20.6842
500.00,22.2974
airflow(m/s),3.44
clocktime,496880

0.00,1189.7892
62.50,918.1849
125.00,458.9595
187.50,108.4811
250.00,91.1131
312.50,40.3876
375.00,51.6804
437.50,33.6760
500.00,29.6436
airflow(m/s),3.36
clocktime,498708

0.00,3203.0581
62.50,1326.0829
125.00,259.4550
187.50,160.2287
250.00,142.6479
312.50,87.6050
375.00,19.0886
437.50,11.3967
500.00,25.4454
airflow(m/s),3.90
clocktime,500543

0.00,1740.7720
62.50,730.1524
125.00,399.4529
187.50,261.0798
250.00,198.8377
312.50,125.4801
375.00,20.6475
437.50,15.9693
500.00,19.7524
airflow(m/s),3.51
clocktime,502423

0.00,478.2960
62.50,504.1637
125.00,53.9697
187.50,248.5893
250.00,170.7032
312.50,58.4256
375.00,35.4295
437.50,57.5613
500.00,30.7292
airflow(m/s),3.66
clocktime,504257

0.00,283.3308
62.50,557.3115
125.00,358.2731
187.50,124.4621
250.00,28.9871
312.50,24.5813
375.00,19.0188
437.50,47.0732
500.00,21.0537
airflow(m/s),3.51
clocktime,506136

0.00,673.8816
62.50,267.5548
125.00,94.6734
187.50,188.6809
250.00,119.0077
312.50,43.9266
375.00,46.3218
437.50,19.5811
500.00,6.2492
airflow(m/s),3.51
clocktime,507970

0.00,581.5123
62.50,263.3594
125.00,129.6777
187.50,90.4402
250.00,108.9685
312.50,56.7927
375.00,17.7605
437.50,22.3749
500.00,39.3500
airflow(m/s),3.74
clocktime,509799

0.00,967.4774
62.50,1020.7440
125.00,477.9615
187.50,238.9188
250.00,157.0688
312.50,64.4077
375.00,20.2900
437.50,32.8855
500.00,24.0802
airflow(m/s),3.74
clocktime,511683

0.00,497.6894
62.50,583.5134
125.00,421.7194
187.50,131.1171
250.00,78.5489
312.50,23.7092
375.00,38.7592
437.50,41.8344
500.00,28.2933
airflow(m/s),3.59
clocktime,513513

0.00,1964.2009
62.50,851.0211
125.00,200.4256
187.50,258.8445
250.00,94.9453
312.50,9.0948
375.00,21.8726
437.50,36.8664
500.00,27.3112
airflow(m/s),3.90
clocktime,515345

0.00,57.3037
62.50,309.4151
125.00,204.0158
187.50,124.2169
250.00,88.8114
312.50,47.8337
375.00,8.8812
437.50,21.5762
500.00,28.8186
airflow(m/s),3.66
clocktime,517225

0.00,1552.6886
62.50,1174.7891
125.00,385.8830
187.50,244.1207
250.00,147.6168
312.50,87.8725
375.00,30.8222
437.50,42.3970
500.00,34.7873
airflow(m/s),3.36
clocktime,519058

0.00,1077.7468
62.50,539.0611
125.00,61.6320
187.50,80.0168
250.00,57.6782
312.50,53.1200
375.00,6.1002
437.50,40.1416
500.00,15.1051
airflow(m/s),3.66
clocktime,520887

0.00,387.8160
62.50,557.2072
125.00,558.4011
187.50,231.6107
250.00,42.7286
312.50,30.2311
375.00,20.7798
437.50,59.4611
500.00,61.9655
airflow(m/s),3.66
clocktime,522770

0.00,141.0378
62.50,57.8234
125.00,254.8182
187.50,105.2411
250.00,65.9790
312.50,41.8717
375.00,42.7557
437.50,36.8912
500.00,12.0745
airflow(m/s),3.98
clocktime,524600

0.00,1334.6843
62.50,1023.3633
125.00,139.2518
187.50,114.3673
250.00,30.7280
312.50,84.3129
375.00,12.1821
437.50,31.9792
500.00,38.4566
airflow(m/s),3.66
clocktime,526483

0.00,2123.5111
62.50,947.7610
125.00,39.6125
187.50,48.2008
250.00,47.5881
312.50,70.5772
375.00,31.2336
437.50,44.2750
500.00,17.4614
airflow(m/s),3.29
clocktime,528313

0.00,13.4250
62.50,514.4051
125.00,122.1358
187.50,213.0223
250.00,90.1531
312.50,56.5901
375.00,30.9612
437.50,22.1179
500.00,23.4067
airflow(m/s),3.44
clocktime,530145

0.00,2530.6067
62.50,1483.0385
125.00,251.6373
187.50,105.3822
250.00,113.9790
312.50,48.9648
375.00,37.7645
437.50,33.0912
500.00,34.0469
airflow(m/s),3.51
clocktime,532026

0.00,1326.9086
62.50,717.8004
125.00,191.4759
187.50,112.4528
250.00,131.4779
312.50,58.8886
375.00,39.3211
437.50,45.1655
500.00,13.5438
airflow(m/s),3.82
clocktime,533859

0.00,546.0925
62.50,272.1475
125.00,59.9489
187.50,85.3181
250.00,94.9606
312.50,21.9286
375.00,23.1233
437.50,14.0751
500.00,31.7112
airflow(m/s),3.44
clocktime,535689

0.00,462.0630
62.50,640.3417
125.00,382.5364
187.50,89.4025
250.00,93.1089
312.50,42.0317
375.00,47.8858
437.50,16.5719
500.00,30.4740
airflow(m/s),4.15
clocktime,537571

0.00,281.8222
62.50,482.0289
125.00,383.4115
187.50,121.1857
250.00,62.4053
312.50,11.6117
375.00,31.8305
437.50,36.6366
500.00,4.5161
airflow(m/s),3.36
clocktime,539402

0.00,2212.1083
62.50,962.6313
125.00,472.5798
187.50,43.8571
250.00,114.5460
312.50,90.3087
375.00,49.6507
437.50,49.2276
500.00,10.3622
airflow(m/s),3.36
clocktime,541234

0.00,1832.6288
62.50,1345.0628
125.00,583.7310
187.50,238.6204
250.00,130.9315
312.50,20.3737
375.00,27.3811
437.50,20.5686
500.00,10.6047
airflow(m/s),3.44
clocktime,543115

0.00,1363.9274
62.50,619.7657
125.00,113.2956
187.50,159.7843
250.00,150.0291
312.50,29.8480
375.00,15.2656
437.50,21.4435
500.00,25.3419
airflow(m/s),4.32
clocktime,544946

0.00,191.3558
62.50,355.7458
125.00,212.6506
187.50,211.9885
250.00,105.2883
312.50,73.2767
375.00,7.5595
437.50,13.3488
500.00,14.5994
airflow(m/s),3.36
clocktime,546777

0.00,1730.6485
62.50,992.2092
125.00,284.5951
187.50,83.6938
250.00,81.9294
312.50,20.6990
375.00,26.4572
437.50,34.7535
500.00,6.2606
airflow(m/s),3.51
clocktime,548660

0.00,2942.3598
62.50,1402.9344
125.00,321.8484
187.50,160.2227
250.00,26.5801
312.50,70.4986
375.00,19.1398
437.50,23.0178
500.00,28.9416
airflow(m/s),3.51
clocktime,550494

0.00,621.8963
62.50,854.4049
125.00,263.6646
187.50,149.1184
250.00,117.2921
312.50,25.9609
375.00,6.2966
437.50,17.2690
500.00,17.5553
airflow(m/s),3.36
clocktime,552373

0.00,3098.4527
62.50,1453.9857
125.00,227.3649
187.50,95.3296
250.00,111.6819
312.50,51.9401
375.00,17.3152
437.50,7.3309
500.00,17.9266
airflow(m/s),3.51
clocktime,554208

0.00,162.5136
62.50,405.2012
125.00,532.8368
187.50,231.4252
250.00,36.8104
312.50,72.3548
375.00,37.6430
437.50,28.1192
500.00,18.4360
airflow(m/s),3.59
clocktime,556037

0.00,450.8454
62.50,1167.6091
125.00,278.5527
187.50,112.0427
250.00,146.8710
312.50,53.1036
375.00,73.0217
437.50,26.9410
500.00,47.0277
airflow(m/s),3.44
clocktime,557919

0.00,240.6830
62.50,261.7563
125.00,311.9592
187.50,28.3664
250.00,86.2348
312.50,20.6183
375.00,67.0899
437.50,12.5805
500.00,24.9259
airflow(m/s),3.36
clocktime,559747

0.00,949.6497
62.50,275.1658
125.00,113.8472
187.50,120.3566
250.00,109.8410
312.50,67.2091
375.00,48.6101
437.50,36.1001
500.00,11.3477
airflow(m/s),3.22
clocktime,561579

0.00,2930.9549
62.50,1526.0303
125.00,107.3025
187.50,113.9369
250.00,100.3284
312.50,94.2620
375.00,48.9469
437.50,45.1160
500.00,54.9404
airflow(m/s),3.29
clocktime,563459

0.00,14.6951
62.50,172.4707
125.00,375.4225
187.50,281.9676
250.00,143.5482
312.50,36.6441
375.00,26.3548
437.50,29.9462
500.00,36.9094
airflow(m/s),3.36
clocktime,565293

0.00,949.6536
62.50,584.1193
125.00,283.1283
187.50,202.6796
250.00,99.6788
312.50,50.8212
375.00,22.3559
437.50,46.3246
500.00,22.9575
airflow(m/s),3.51
clocktime,567122

0.00,1245.9327
62.50,982.8271
125.00,255.8330
187.50,172.1172
250.00,106.1753
312.50,0.9322
375.00,33.9938
437.50,14.3887
500.00,32.5326
airflow(m/s),3.59
clocktime,568968

0.00,653.7401
62.50,571.7553
125.00,404.2936
187.50,303.9183
250.00,74.1338
312.50,34.4882
375.00,36.7536
437.50,23.3762
500.00,21.2578
airflow(m/s),3.59
clocktime,570797

0.00,49.0516
62.50,217.0032
125.00,280.5571
187.50,155.5055
250.00,119.2167
312.50,56.4026
375.00,69.1783
437.50,53.2552
500.00,34.4389
airflow(m/s),3.66
clocktime,572680

0.00,471.1127
62.50,246.9707
125.00,224.9128
187.50,166.7699
250.00,116.1090
312.50,44.8672
375.00,39.8894
437.50,41.2483
500.00,4.2652
airflow(m/s),3.66
clocktime,574510

0.00,1008.8340
62.50,287.9500
125.00,371.8991
187.50,231.4424
250.00,65.1240
312.50,21.8435
375.00,35.2819
437.50,48.3692
500.00,13.1997
airflow(m/s),3.36
clocktime,576344

0.00,820.8492
62.50,338.4423
125.00,145.2590
187.50,177.8946
250.00,95.1365
312.50,43.2845
375.00,15.1409
437.50,27.3010
500.00,29.3839
airflow(m/s),3.82
clocktime,578224

0.00,870.7989
62.50,820.1620
125.00,304.1900
187.50,37.9397
250.00,26.3624
312.50,62.4353
375.00,71.5032
437.50,63.8221
500.00,24.1879
airflow(m/s),3.59
clocktime,580058

0.00,2619.8786
62.50,1168.3040
125.00,152.2895
187.50,82.8897
250.00,53.7904
312.50,61.1942
375.00,2.3040
437.50,54.9458
500.00,38.2391
airflow(m/s),3.74
clocktime,581887

0.00,314.3424
62.50,435.6181
125.00,302.4220
187.50,158.1868
250.00,142.4639
312.50,85.7769
375.00,18.0991
437.50,50.2160
500.00,40.7608
airflow(m/s),3.59
clocktime,583771

0.00,1448.8620
62.50,757.6907
125.00,217.3306
187.50,152.3588
250.00,125.5063
312.50,61.6692
375.00,20.9726
437.50,17.3445
500.00,15.1669
airflow(m/s),3.51
clocktime,585601

0.00,497.6700
62.50,386.7066
125.00,207.6369
187.50,85.8406
250.00,49.6496
312.50,77.3513
375.00,45.1280
437.50,37.7060
500.00,14.2853
airflow(m/s),3.74
clocktime,587433

0.00,501.8270
62.50,80.9897
125.00,217.9159
187.50,198.3140
250.00,82.2234
312.50,51.3304
375.00,41.7959
437.50,11.9752
500.00,19.2817
airflow(m/s),3.44
clocktime,589313

0.00,1968.7698
62.50,754.6159
125.00,243.6662
187.50,38.9737
250.00,24.1988
312.50,40.9748
375.00,18.0699
437.50,45.1069
500.00,46.2013
airflow(m/s),3.66
clocktime,591146

0.00,678.3550
62.50,747.2935
125.00,417.1071
187.50,132.5110
250.00,34.4548
312.50,64.8262
375.00,53.6080
437.50,64.6571
500.00,24.8279
airflow(m/s),3.51
clocktime,592976

0.00,2974.4522
62.50,1661.6235
125.00,217.8226
187.50,133.4034
250.00,64.8911
312.50,29.6157
375.00,58.1084
437.50,18.3878
500.00,18.4475
airflow(m/s),3.90
clocktime,594859

0.00,1265.9004
62.50,982.2685
125.00,184.5814
187.50,198.4463
250.00,82.5415
312.50,59.6697
375.00,24.7828
437.50,19.6611
500.00,12.8445
airflow(m/s),3.74
clocktime,596689

0.00,684.9263
62.50,305.2153
125.00,86.4339
187.50,58.4233
250.00,126.6049
312.50,121.3169
375.00,76.6336
437.50,72.0755
500.00,46.0340
airflow(m/s),3.59
clocktime,598573

0.00,125.2084
62.50,239.3510
125.00,469.6186
187.50,138.0230
250.00,190.3849
312.50,61.6682
375.00,45.9060
437.50,55.8739
500.00,38.8715
airflow(m/s),3.66
clocktime,600404

0.00,117.8726
62.50,422.2936
125.00,72.7071
187.50,164.6167
250.00,126.4714
312.50,26.9022
375.00,21.4086
437.50,30.0140
500.00,12.0756
airflow(m/s),3.90
clocktime,602237

0.00,572.3738
62.50,420.7150
125.00,220.2037
187.50,87.1700
250.00,115.8416
312.50,23.5971
375.00,42.6589
437.50,24.4209
500.00,26.0794
airflow(m/s),3.82
clocktime,604121

0.00,697.9040
62.50,586.1820
125.00,198.4282
187.50,59.7869
250.00,103.9003
312.50,45.1911
375.00,71.1669
437.50,38.4681
500.00,8.1915
airflow(m/s),3.82
clocktime,605950

0.00,229.9995
62.50,427.8006
125.00,242.5945
187.50,107.4502
250.00,64.1713
312.50,30.3293
375.00,12.4976
437.50,61.7278
500.00,33.2007
airflow(m/s),3.74
clocktime,607784

0.00,1070.2113
62.50,835.1245
125.00,468.8491
187.50,100.0075
250.00,124.5366
312.50,64.4476
375.00,20.9858
437.50,40.1856
500.00,34.2214
airflow(m/s),3.51
clocktime,609663

0.00,816.9435
62.50,641.9984
125.00,214.6645
187.50,99.9348
250.00,68.5365
312.50,3.1747
375.00,36.3061
437.50,41.0656
500.00,25.6037
airflow(m/s),3.66
clocktime,611496

0.00,98.6987
62.50,469.6067
125.00,375.6435
187.50,153.6872
250.00,68.6115
312.50,34.3275
375.00,20.5102
437.50,19.7498
500.00,15.9924
airflow(m/s),3.59
clocktime,613326

0.00,1124.7270
62.50,809.7366
125.00,454.8925
187.50,27.0514
250.00,88.9232
312.50,3.6312
375.00,60.8803
437.50,23.2062
500.00,26.7584
airflow(m/s),3.36
clocktime,615210

0.00,1007.5393
62.50,871.9573
125.00,230.8643
187.50,82.3713
250.00,77.5883
312.50,17.8550
375.00,20.9207
437.50,10.4983
500.00,20.0943
airflow(m/s),4.15
clocktime,617039

0.00,3427.2349
62.50,1786.9721
125.00,436.9056
187.50,190.6272
250.00,63.9830
312.50,10.7000
375.00,24.3726
437.50,19.8962
500.00,23.2226
airflow(m/s),3.59
clocktime,618923

0.00,707.1178
62.50,477.0480
125.00,157.8659
187.50,268.7871
250.00,204.4337
312.50,60.4345
375.00,18.0294
437.50,24.2295
500.00,22.1677
airflow(m/s),3.44
clocktime,620752

0.00,1827.5246
62.50,918.4035
125.00,107.6292
187.50,154.9296
250.00,106.6654
312.50,16.0653
375.00,34.7913
437.50,16.2289
500.00,9.2304
airflow(m/s),3.51
clocktime,622586

0.00,2809.2851
62.50,1317.0561
125.00,227.1143
187.50,149.9186
250.00,53.2944
312.50,45.1346
375.00,6.9894
437.50,41.5556
500.00,35.7622
airflow(m/s),3.36
clocktime,624466

0.00,2291.5792
62.50,1290.6775
125.00,358.9845
187.50,72.9438
250.00,107.6386
312.50,33.2571
375.00,29.0177
437.50,33.9884
500.00,26.9485
airflow(m/s),3.44
clocktime,626300

0.00,1212.0929
62.50,719.8268
125.00,402.5527
187.50,115.7681
250.00,146.2773
312.50,43.6501
375.00,47.0235
437.50,65.1598
500.00,80.5760
airflow(m/s),3.51
clocktime,628129

0.00,94.9742
62.50,400.2935
125.00,508.0500
187.50,85.7272
250.00,74.1698
312.50,19.9406
375.00,28.1116
437.50,58.8362
500.00,29.2593
airflow(m/s),3.36
clocktime,630013

0.00,331.7118
62.50,525.9985
125.00,347.0963
187.50,73.3366
250.00,46.6564
312.50,60.9752
375.00,59.3433
437.50,22.3388
500.00,19.8889
airflow(m/s),3.51
clocktime,632159

0.00,1050.6193
62.50,777.8120
125.00,468.1941
187.50,232.3803
250.00,58.7408
312.50,18.7643
375.00,32.3444
437.50,37.7930
500.00,19.7797
airflow(m/s),3.44
clocktime,633991

0.00,619.9097
62.50,228.3287
125.00,557.1216
187.50,282.6225
250.00,85.9209
312.50,45.5204
375.00,10.5607
437.50,25.1027
500.00,32.5746
airflow(m/s),3.82
clocktime,635874

0.00,1032.3152
62.50,716.2856
125.00,498.0970
187.50,246.8821
250.00,67.6285
312.50,18.7028
375.00,17.1330
437.50,7.4257
500.00,26.2711
airflow(m/s),3.44
clocktime,637704

0.00,1022.7259
62.50,468.1615
125.00,63.4059
187.50,148.3657
250.00,61.9943
312.50,37.0505
375.00,19.0692
437.50,20.2219
500.00,15.5156
airflow(m/s),3.36
clocktime,639538

0.00,816.5138
62.50,459.0598
125.00,171.0713
187.50,226.0205
250.00,124.6122
312.50,20.4482
375.00,22.4736
437.50,27.1375
500.00,7.9103
airflow(m/s),4.58
clocktime,641419

0.00,1813.7380
62.50,1137.4786
125.00,339.4243
187.50,144.6834
250.00,52.2175
312.50,42.3668
375.00,9.6097
437.50,50.8018
500.00,17.9653
airflow(m/s),3.29
clocktime,643251

0.00,3690.8710
62.50,1886.1918
125.00,255.8986
187.50,226.2473
250.00,108.7684
312.50,34.5364
375.00,32.7567
437.50,17.8685
500.00,30.4447
airflow(m/s),3.44
clocktime,645132

0.00,960.2476
62.50,363.7582
125.00,247.1587
187.50,102.2072
250.00,78.8168
312.50,42.2744
375.00,22.8125
437.50,23.2269
500.00,19.2992
airflow(m/s),3.66
clocktime,646964

0.00,721.3871
62.50,586.3034
125.00,153.9228
187.50,126.2204
250.00,49.4829
312.50,31.9027
375.00,20.3919
437.50,47.6974
500.00,26.8165
airflow(m/s),3.51
clocktime,648795

0.00,213.1616
62.50,153.0529
125.00,423.5160
187.50,288.2792
250.00,238.4680
312.50,75.6398
375.00,15.3987
437.50,2.8488
500.00,45.1188
airflow(m/s),3.22
clocktime,650641

0.00,2272.2898
62.50,1134.1585
125.00,280.4905
187.50,170.8955
250.00,53.7844
312.50,71.0724
375.00,25.7392
437.50,21.1737
500.00,31.9576
airflow(m/s),3.22
clocktime,652472

0.00,2006.5509
62.50,1029.0809
125.00,311.6454
187.50,171.8412
250.00,131.9428
312.50,21.0239
375.00,22.7196
437.50,27.8062
500.00,20.1267
airflow(m/s),3.59
clocktime,654303

0.00,324.8517
62.50,444.5124
125.00,70.9309
187.50,98.7873
250.00,99.3046
312.50,24.7651
375.00,27.6980
437.50,54.5290
500.00,51.3826
airflow(m/s),3.59
clocktime,656189

0.00,424.5615
62.50,324.1936
125.00,282.2156
187.50,116.6556
250.00,13.5465
312.50,51.4363
375.00,13.5209
437.50,25.1916
500.00,17.4093
airflow(m/s),3.59
clocktime,658018

0.00,503.1083
62.50,622.4545
125.00,516.4943
187.50,259.8517
250.00,105.6256
312.50,27.2938
375.00,33.8400
437.50,41.1486
500.00,28.8473
airflow(m/s),3.29
clocktime,659852

0.00,1896.8305
62.50,1156.4209
125.00,463.6274
187.50,90.1910
250.00,113.4893
312.50,64.3382
375.00,10.4822
437.50,32.6379
500.00,18.8773
airflow(m/s),3.44
clocktime,661732

0.00,1342.7158
62.50,798.7830
125.00,145.9930
187.50,293.6453
250.00,244.6962
312.50,214.1506
375.00,207.7400
437.50,83.3602
500.00,339.8614
airflow(m/s),3.59
clocktime,663566

0.00,205.9651
62.50,272.7699
125.00,417.2352
187.50,454.8755
250.00,227.7358
312.50,300.7499
375.00,875.7280
437.50,1028.0940
500.00,378.3904
airflow(m/s),3.66
clocktime,665446

0.00,2572.9326
62.50,1641.5921
125.00,540.8744
187.50,262.9035
250.00,109.6411
312.50,257.7698
375.00,182.1737
437.50,70.5871
500.00,196.2797
airflow(m/s),3.44
clocktime,667280

0.00,837.2926
62.50,314.2824
125.00,197.3783
187.50,73.4666
250.00,117.1542
312.50,58.2657
375.00,43.2529
437.50,12.9421
500.00,11.4595
airflow(m/s),3.44
clocktime,669109

0.00,220.2524
62.50,204.3529
125.00,328.2911
187.50,188.0277
250.00,59.5008
312.50,56.8274
375.00,13.8907
437.50,46.3708
500.00,22.3982
airflow(m/s),3.44
clocktime,670993

0.00,1257.0958
62.50,861.8834
125.00,296.3080
187.50,89.9403
250.00,54.1126
312.50,81.4141
375.00,24.0951
437.50,37.7302
500.00,43.1671
airflow(m/s),3.74
clocktime,672822

0.00,895.4880
62.50,685.0735
125.00,258.4196
187.50,224.3950
250.00,139.1493
312.50,59.5076
375.00,15.8599
437.50,7.8851
500.00,28.7106
airflow(m/s),3.44
clocktime,674656

0.00,3825.3830
62.50,1806.0810
125.00,166.2329
187.50,163.3982
250.00,81.2553
312.50,19.0850
375.00,24.0252
437.50,45.0419
500.00,23.6145
airflow(m/s),3.51
clocktime,676536

0.00,608.0951
62.50,669.1585
125.00,132.0740
187.50,215.9269
250.00,80.6323
312.50,19.9214
375.00,24.1946
437.50,2.7360
500.00,4.1546
airflow(m/s),3.51
clocktime,678370

0.00,167.3987
62.50,56.0106
125.00,167.8337
187.50,185.0543
250.00,69.9751
312.50,10.0425
375.00,20.8047
437.50,45.2222
500.00,31.0867
airflow(m/s),3.29
clocktime,680199

0.00,1632.1388
62.50,1142.3568
125.00,400.4281
187.50,332.7019
250.00,191.4218
312.50,64.5870
375.00,20.1121
437.50,26.8041
500.00,19.0396
airflow(m/s),3.51
clocktime,682084

0.00,2025.8941
62.50,1184.9259
125.00,386.6932
187.50,184.7422
250.00,209.2317
312.50,98.6562
375.00,54.5485
437.50,41.3489
500.00,21.1533
airflow(m/s),3.51
clocktime,683914

0.00,2015.8022
62.50,585.6340
125.00,521.7154
187.50,262.2552
250.00,56.0768
312.50,30.1042
375.00,7.8312
437.50,38.0278
500.00,48.8439
airflow(m/s),3.36
clocktime,685797

0.00,463.7272
62.50,463.3039
125.00,324.7171
187.50,299.1791
250.00,155.9956
312.50,25.6065
375.00,63.5545
437.50,40.3463
500.00,29.6394
airflow(m/s),3.36
clocktime,687627

0.00,3716.0596
62.50,1834.3376
125.00,227.7967
187.50,22.4656
250.00,49.5785
312.50,38.2722
375.00,27.2975
437.50,28.5856
500.00,9.5491
airflow(m/s),3.51
clocktime,689460

0.00,1322.5000
62.50,596.4297
125.00,222.5405
187.50,174.4604
250.00,83.5987
312.50,54.4060
375.00,44.7962
437.50,34.2173
500.00,40.8219
airflow(m/s),3.22
clocktime,691341

0.00,1982.7581
62.50,364.9612
125.00,644.6881
187.50,281.4678
250.00,141.4042
312.50,53.2517
375.00,31.5864
437.50,47.0493
500.00,24.8967
airflow(m/s),3.15
clocktime,693174

0.00,1488.1186
62.50,1050.5815
125.00,362.4410
187.50,59.1665
250.00,97.5571
312.50,72.4997
375.00,5.8114
437.50,71.4415
500.00,63.5904
airflow(m/s),3.08
clocktime,695005

0.00,514.1980
62.50,401.7362
125.00,213.4589
187.50,75.6397
250.00,148.2267
312.50,64.6655
375.00,19.9180
437.50,9.7866
500.00,17.5278
airflow(m/s),3.44
clocktime,696888

0.00,1046.2692
62.50,458.2182
125.00,110.4207
187.50,79.8085
250.00,33.7676
312.50,81.3091
375.00,53.1164
437.50,26.4171
500.00,24.7533
airflow(m/s),3.44
clocktime,698718

0.00,1415.2466
62.50,858.6159
125.00,348.1465
187.50,219.0642
250.00,73.1180
312.50,30.5646
375.00,30.7680
437.50,50.5944
500.00,22.8757
airflow(m/s),3.15
clocktime,700551

0.00,1486.1835
62.50,813.7315
125.00,315.9336
187.50,105.2790
250.00,50.7344
312.50,51.4309
375.00,13.3095
437.50,31.7869
500.00,48.6342
airflow(m/s),3.44
clocktime,702432

0.00,1103.5190
62.50,563.2888
125.00,106.9883
187.50,54.0570
250.00,69.5296
312.50,28.3141
375.00,25.6896
437.50,3.6325
500.00,13.1743
airflow(m/s),3.51
clocktime,704265

0.00,2248.4057
62.50,1454.4100
125.00,368.4598
187.50,171.1019
250.00,103.8650
312.50,57.2525
375.00,50.3187
437.50,22.3413
500.00,30.1645
airflow(m/s),3.36
clocktime,706150

0.00,4458.8994
62.50,2281.8949
125.00,443.8533
187.50,166.5395
250.00,51.7761
312.50,50.2328
375.00,17.4975
437.50,12.9380
500.00,13.7518
airflow(m/s),3.51
clocktime,707979

0.00,242.2538
62.50,362.2244
125.00,397.4115
187.50,89.1755
250.00,92.2545
312.50,57.6645
375.00,68.1424
437.50,45.8543
500.00,16.3713
airflow(m/s),3.01
clocktime,709813

0.00,1568.9592
62.50,950.5888
125.00,333.9020
187.50,31.6638
250.00,69.5121
312.50,67.8978
375.00,43.8895
437.50,14.2154
500.00,47.8515
airflow(m/s),3.22
clocktime,711693

0.00,434.0514
62.50,396.1929
125.00,123.8404
187.50,87.6102
250.00,5.3588
312.50,63.6476
375.00,42.1023
437.50,55.0100
500.00,14.7431
airflow(m/s),3.36
clocktime,713527

0.00,1557.0702
62.50,1050.2190
125.00,429.7571
187.50,114.0325
250.00,104.8565
312.50,41.9221
375.00,18.7750
437.50,28.2035
500.00,27.1415
airflow(m/s),3.51
clocktime,715356

0.00,903.3463
62.50,1378.3182
125.00,865.9390
187.50,434.1877
250.00,198.5479
312.50,202.2242
375.00,87.5656
437.50,33.5249
500.00,29.5906
airflow(m/s),3.44
clocktime,717240

0.00,285.0460
62.50,132.7726
125.00,116.4711
187.50,76.2689
250.00,97.4257
312.50,88.0665
375.00,52.8019
437.50,35.4786
500.00,35.1555
airflow(m/s),3.59
clocktime,719069

0.00,2471.4218
62.50,1417.7424
125.00,273.1835
187.50,153.0222
250.00,7.6712
312.50,57.6730
375.00,58.3600
437.50,36.9550
500.00,6.5267
airflow(m/s),3.59
clocktime,720903

0.00,106.5580
62.50,394.5130
125.00,130.9663
187.50,141.0196
250.00,19.4762
312.50,31.4564
375.00,39.4577
437.50,34.7710
500.00,11.6532
airflow(m/s),3.44
clocktime,722783

0.00,1616.6249
62.50,781.1712
125.00,312.0089
187.50,266.1281
250.00,102.0202
312.50,17.9589
375.00,19.6735
437.50,65.2872
500.00,48.1121
airflow(m/s),3.66
clocktime,724616

0.00,3702.0612
62.50,2393.0857
125.00,428.1096
187.50,271.3310
250.00,279.4047
312.50,170.9378
375.00,123.7031
437.50,124.4718
500.00,73.4142
airflow(m/s),3.29
clocktime,726445

0.00,563.0773
62.50,567.8678
125.00,308.9098
187.50,124.0271
250.00,103.8022
312.50,24.3365
375.00,8.6156
437.50,16.3863
500.00,4.9103
airflow(m/s),3.36
clocktime,728379

0.00,1930.8527
62.50,1039.3160
125.00,212.1670
187.50,133.6506
250.00,177.3308
312.50,67.9928
375.00,50.6784
437.50,43.2762
500.00,3.1212
airflow(m/s),3.82
clocktime,730209

0.00,881.0561
62.50,1013.1878
125.00,279.1287
187.50,130.0759
250.00,146.8080
312.50,103.1653
375.00,53.1638
437.50,66.3228
500.00,48.2964
airflow(m/s),3.29
clocktime,732118

0.00,792.7216
62.50,448.4191
125.00,308.6901
187.50,170.7778
250.00,110.8722
312.50,75.6587
375.00,58.4458
437.50,20.2220
500.00,12.7875
airflow(m/s),3.44
clocktime,734068

0.00,643.9582
62.50,167.2294
125.00,298.8059
187.50,163.1277
250.00,41.6502
312.50,34.1416
375.00,46.5745
437.50,21.7096
500.00,14.9737
airflow(m/s),3.66
clocktime,736022

0.00,4651.7029
62.50,1951.9035
125.00,253.1494
187.50,162.3903
250.00,70.5765
312.50,77.6196
375.00,19.4047
437.50,31.2572
500.00,40.5913
airflow(m/s),3.36
clocktime,738023

0.00,2168.1577
62.50,675.7923
125.00,282.6966
187.50,227.8261
250.00,146.1009
312.50,91.0609
375.00,29.0856
437.50,52.2204
500.00,20.2894
airflow(m/s),3.36
clocktime,739976

0.00,698.4583
62.50,854.9025
125.00,128.5279
187.50,172.3336
250.00,90.8533
312.50,49.7274
375.00,23.2399
437.50,21.4362
500.00,18.4727
airflow(m/s),3.29
clocktime,741927

0.00,1442.1388
62.50,932.0769
125.00,207.1396
187.50,187.6334
250.00,153.3195
312.50,120.5723
375.00,36.1315
437.50,6.0370
500.00,33.0854
airflow(m/s),3.29
clocktime,743931

0.00,1483.7978
62.50,744.5315
125.00,36.1902
187.50,289.4181
250.00,176.7965
312.50,69.2966
375.00,23.9388
437.50,36.4301
500.00,9.3301
airflow(m/s),3.44
clocktime,745882

0.00,1800.7364
62.50,782.5799
125.00,234.3854
187.50,82.2862
250.00,107.1681
312.50,32.8970
375.00,10.9176
437.50,7.0489
500.00,22.2980
airflow(m/s),3.29
clocktime,747835

0.00,484.2123
62.50,720.0443
125.00,558.9958
187.50,233.1848
250.00,112.4770
312.50,25.3172
375.00,34.6682
437.50,13.3896
500.00,43.7569
airflow(m/s),3.59
clocktime,749799

0.00,842.4252
62.50,462.8541
125.00,307.7624
187.50,204.9907
250.00,17.8393
312.50,19.0490
375.00,41.2498
437.50,17.5453
500.00,6.5370
airflow(m/s),3.44
clocktime,751752

0.00,478.6405
62.50,502.9058
125.00,204.0341
187.50,118.4257
250.00,22.0527
312.50,73.1416
375.00,44.9017
437.50,34.8159
500.00,36.2515
airflow(m/s),3.36
clocktime,753753

0.00,1069.6949
62.50,723.5481
125.00,258.2911
187.50,203.4605
250.00,51.1759
312.50,79.0380
375.00,29.1026
437.50,23.0723
500.00,27.8943
airflow(m/s),3.36
clocktime,755706

0.00,370.1396
62.50,278.0465
125.00,134.4062
187.50,78.6311
250.00,105.2768
312.50,97.0736
375.00,46.8237
437.50,27.9720
500.00,22.3479
airflow(m/s),3.51
clocktime,757657

0.00,1501.9087
62.50,1244.0567
125.00,305.1824
187.50,99.5778
250.00,70.1747
312.50,44.5126
375.00,19.2126
437.50,28.5213
500.00,13.5310
airflow(m/s),3.59
clocktime,759660

0.00,2185.0517
62.50,1153.2926
125.00,225.2183
187.50,80.5978
250.00,184.9971
312.50,117.7449
375.00,13.4641
437.50,48.7117
500.00,49.1260
airflow(m/s),3.51
clocktime,761611

0.00,663.3328
62.50,712.5048
125.00,172.0313
187.50,169.2755
250.00,78.5829
312.50,20.8136
375.00,27.3229
437.50,15.3995
500.00,52.0069
airflow(m/s),3.74
clocktime,763563

0.00,1615.9479
62.50,897.5736
125.00,252.7463
187.50,98.0742
250.00,153.5128
312.50,109.2015
375.00,73.9427
437.50,28.9875
500.00,19.2438
airflow(m/s),3.51
clocktime,765568

0.00,1392.1278
62.50,975.2768
125.00,41.5650
187.50,189.7476
250.00,118.5445
312.50,64.9505
375.00,46.8587
437.50,39.9653
500.00,19.8627
airflow(m/s),3.59
clocktime,767517

0.00,386.2152
62.50,588.7794
125.00,432.9432
187.50,249.1657
250.00,177.5253
312.50,51.3151
375.00,62.9744
437.50,42.8806
500.00,28.7586
airflow(m/s),3.36
clocktime,769472

0.00,1378.9013
62.50,887.9018
125.00,176.2528
187.50,231.5800
250.00,148.9459
312.50,159.3119
375.00,54.9424
437.50,30.3394
500.00,12.7618
airflow(m/s),3.51
clocktime,771471

0.00,1515.0181
62.50,958.1248
125.00,461.4246
187.50,124.3731
250.00,53.0552
312.50,68.7778
375.00,28.8610
437.50,26.8866
500.00,32.2101
airflow(m/s),3.51
clocktime,773426

0.00,3273.4221
62.50,1391.8776
125.00,274.6922
187.50,210.9209
250.00,60.4870
312.50,19.2976
375.00,7.0335
437.50,29.2404
500.00,28.2784
airflow(m/s),3.74
clocktime,775426

0.00,1146.1006
62.50,1114.3770
125.00,500.2276
187.50,165.0968
250.00,94.5821
312.50,28.7246
375.00,7.2024
437.50,21.8569
500.00,26.1872
airflow(m/s),3.82
clocktime,777380

0.00,1122.6980
62.50,495.8696
125.00,174.7028
187.50,108.5678
250.00,44.6523
312.50,78.6341
375.00,55.5853
437.50,38.6914
500.00,19.4350
airflow(m/s),3.74
clocktime,779330

0.00,1872.5466
62.50,1028.4994
125.00,223.4628
187.50,104.1269
250.00,134.5752
312.50,63.3264
375.00,17.7870
437.50,10.5633
500.00,37.0013
airflow(m/s),3.74
clocktime,781335

0.00,1303.7396
62.50,1075.7351
125.00,482.0277
187.50,217.4042
250.00,121.7895
312.50,51.7544
375.00,33.9957
437.50,37.4311
500.00,35.5853
airflow(m/s),3.36
clocktime,783285

0.00,2523.4897
62.50,1401.6595
125.00,240.7962
187.50,144.4318
250.00,79.8270
312.50,35.2504
375.00,20.8013
437.50,29.5741
500.00,15.5274
airflow(m/s),3.59
clocktime,785239

0.00,1418.5175
62.50,811.4924
125.00,158.9464
187.50,175.0818
250.00,130.3064
312.50,63.5140
375.00,27.6091
437.50,20.9899
500.00,24.6248
airflow(m/s),4.06
clocktime,787239

0.00,689.0727
62.50,841.8555
125.00,252.5449
187.50,129.2733
250.00,73.1031
312.50,45.8950
375.00,50.1601
437.50,30.2428
500.00,52.5228
airflow(m/s),3.36
clocktime,789193

0.00,2319.9844
62.50,840.9226
125.00,293.9442
187.50,26.6025
250.00,93.5150
312.50,20.5412
375.00,14.4100
437.50,11.6409
500.00,43.8954
airflow(m/s),3.22
clocktime,791143

0.00,320.4724
62.50,635.5480
125.00,81.9997
187.50,94.4881
250.00,50.2215
312.50,61.7895
375.00,33.3299
437.50,12.7451
500.00,36.5966
airflow(m/s),3.51
clocktime,793149

0.00,2854.2148
62.50,1160.2315
125.00,499.7931
187.50,247.6207
250.00,36.0187
312.50,3.3093
375.00,42.3187
437.50,43.3820
500.00,55.0453
airflow(m/s),3.51
clocktime,795099

0.00,2822.8994
62.50,1638.6424
125.00,809.2890
187.50,940.9632
250.00,781.8564
312.50,182.1497
375.00,52.6692
437.50,115.0615
500.00,40.4092
airflow(m/s),3.51
clocktime,797104

0.00,2878.8038
62.50,1459.6639
125.00,123.8475
187.50,160.1104
250.00,148.0861
312.50,14.2417
375.00,24.1953
437.50,38.3945
500.00,24.2426
airflow(m/s),3.44
clocktime,799055

0.00,499.1778
62.50,273.5527
125.00,248.0662
187.50,112.0865
250.00,99.0634
312.50,30.3404
375.00,26.7111
437.50,32.6337
500.00,33.8529
airflow(m/s),3.15
clocktime,801008

0.00,3048.4469
62.50,2496.9071
125.00,2543.9402
187.50,1006.5170
250.00,1190.2712
0.00,40381.8096
62.50,16736.6966
125.00,526.0757
187.50,252.0032
250.00,94.7944
312.50,50.9463
375.00,33.0537
437.50,29.0430
500.00,32.4771
airflow(m/s),20.56
clocktime,2576

0.00,3155.5269
62.50,866.3634
125.00,463.1893
187.50,107.3663
250.00,80.7907
