0.00,2410.1839
62.50,1242.4533
125.00,185.9181
187.50,16.9168
250.00,63.3034
312.50,13.8176
375.00,32.2092
437.50,17.2355
500.00,41.1923
airflow(m/s),24.13
clocktime,9133

0.00,1663.8976
62.50,1528.6242
125.00,458.9552
187.50,61.8790
250.00,94.5779
312.50,22.7952
375.00,8.7602
437.50,31.2478
500.00,43.6186
airflow(m/s),13.37
clocktime,11125

0.00,957.8635
62.50,1089.8852
125.00,413.0231
187.50,111.4562
250.00,89.5861
312.50,23.6344
375.00,49.9086
437.50,42.5652
500.00,37.1949
airflow(m/s),1.87
clocktime,13167

0.00,575.7349
62.50,872.6230
125.00,634.6146
187.50,56.2001
250.00,205.2906
312.50,104.3776
375.00,21.9394
437.50,9.4508
500.00,29.6281
airflow(m/s),2.28
clocktime,15156

0.00,792.8279
62.50,868.8702
125.00,211.6972
187.50,187.3526
250.00,71.1115
312.50,19.5706
375.00,47.8511
437.50,26.2857
500.00,45.6597
airflow(m/s),1.24
clocktime,17145

0.00,3353.9933
62.50,1371.0921
125.00,103.0342
187.50,128.0589
250.00,20.1959
312.50,56.1676
375.00,40.2498
437.50,32.1305
500.00,31.5238
airflow(m/s),1.64
clocktime,19189

0.00,788.4592
62.50,710.6121
125.00,194.4320
187.50,78.3250
250.00,82.7445
312.50,13.6051
375.00,27.2990
437.50,10.1082
500.00,34.9204
airflow(m/s),2.17
clocktime,21179

0.00,784.7749
62.50,74.5048
125.00,474.7613
187.50,213.5545
250.00,131.0016
312.50,96.0444
375.00,83.5464
437.50,17.5059
500.00,37.0856
airflow(m/s),3.08
clocktime,23168

0.00,1493.9824
62.50,570.0266
125.00,247.3921
187.50,140.5575
250.00,26.6437
312.50,63.7300
375.00,68.1729
437.50,55.4954
500.00,62.1895
airflow(m/s),7.90
clocktime,25210

0.00,3361.7030
62.50,1743.7877
125.00,594.9245
187.50,140.5302
250.00,104.8310
312.50,26.4492
375.00,40.0815
437.50,19.7847
500.00,43.7794
airflow(m/s),4.67
clocktime,27202

0.00,239.9264
62.50,213.9699
125.00,72.9767
187.50,97.1614
250.00,47.7571
312.50,39.6419
375.00,31.0505
437.50,21.5339
500.00,23.2949
airflow(m/s),3.08
clocktime,29194

0.00,1518.8821
62.50,1136.3031
125.00,237.4577
187.50,15.7781
250.00,80.3897
312.50,6.4965
375.00,33.8973
437.50,32.5543
500.00,26.3431
airflow(m/s),2.23
clocktime,31239

0.00,1265.5664
62.50,1033.1762
125.00,241.4532
187.50,107.2927
250.00,65.3731
312.50,51.9626
375.00,10.9694
437.50,7.6232
500.00,16.1952
airflow(m/s),4.23
clocktime,33232

0.00,1458.1639
62.50,924.3450
125.00,74.3573
187.50,78.5163
250.00,93.4749
312.50,68.8526
375.00,35.2116
437.50,13.6235
500.00,32.5071
airflow(m/s),7.01
clocktime,35276

0.00,2369.5979
62.50,1210.8307
125.00,149.8945
187.50,20.5655
250.00,81.2909
312.50,34.5467
375.00,14.5507
437.50,54.9427
500.00,47.4584
airflow(m/s),1.87
clocktime,37266

0.00,605.6631
62.50,250.3037
125.00,77.1128
187.50,50.4263
250.00,67.7146
312.50,54.2896
375.00,18.9524
437.50,29.6822
500.00,41.7747
airflow(m/s),3.36
clocktime,39255

0.00,1343.4855
62.50,889.0628
125.00,240.7786
187.50,45.4667
250.00,32.7780
312.50,19.5296
375.00,45.4616
437.50,23.7218
500.00,39.4317
airflow(m/s),5.65
clocktime,41297

0.00,2783.4449
62.50,1412.3536
125.00,93.2632
187.50,41.5200
250.00,27.2840
312.50,29.5501
375.00,31.9612
437.50,35.0837
500.00,34.6673
airflow(m/s),3.01
clocktime,43285

0.00,1424.8592
62.50,833.2456
125.00,214.9181
187.50,161.2914
250.00,33.0909
312.50,47.6796
375.00,44.6790
437.50,29.8056
500.00,29.1814
airflow(m/s),5.45
clocktime,45274

0.00,3601.6891
62.50,1619.3559
125.00,148.9405
187.50,59.4258
250.00,44.3037
312.50,57.4438
375.00,76.2350
437.50,28.8655
500.00,42.1908
airflow(m/s),4.32
clocktime,47365

0.00,2565.6752
62.50,1123.6284
125.00,295.4656
187.50,197.2657
250.00,50.7196
312.50,29.9508
375.00,19.7400
437.50,20.4082
500.00,27.7972
airflow(m/s),4.86
clocktime,49356

0.00,3594.9378
62.50,1390.0902
125.00,291.1120
187.50,44.6305
250.00,19.7020
312.50,55.6929
375.00,25.4630
437.50,37.3995
500.00,32.1373
airflow(m/s),5.55
clocktime,51348

0.00,698.1488
62.50,241.7013
125.00,137.0157
187.50,115.8029
250.00,106.5608
312.50,28.9969
375.00,11.2191
437.50,26.8474
500.00,30.6507
airflow(m/s),5.87
clocktime,53490

0.00,6442.3424
62.50,2945.2219
125.00,110.7054
187.50,38.7138
250.00,13.9968
312.50,49.0117
375.00,22.3633
437.50,39.8716
500.00,30.1956
airflow(m/s),3.59
clocktime,55605

0.00,372.0271
62.50,175.6850
125.00,55.5644
187.50,74.8804
250.00,24.1413
312.50,11.6254
375.00,16.9095
437.50,47.9859
500.00,43.8571
airflow(m/s),1.77
clocktime,57721

0.00,872.7192
62.50,338.9291
125.00,115.3838
187.50,37.3290
250.00,31.1046
312.50,40.0804
375.00,42.1101
437.50,8.1737
500.00,38.9832
airflow(m/s),3.74
clocktime,59888

0.00,1966.0867
62.50,1429.1854
125.00,594.4306
187.50,248.0254
250.00,115.0487
312.50,63.0974
375.00,54.4148
437.50,48.1172
500.00,26.1653
airflow(m/s),4.49
clocktime,61999

0.00,265.0070
62.50,1568.5706
125.00,625.8800
187.50,176.5804
250.00,112.8130
312.50,87.9591
375.00,23.0836
437.50,78.2926
500.00,41.1523
airflow(m/s),5.25
clocktime,64162

0.00,1011.9996
62.50,808.2507
125.00,184.6481
187.50,101.7799
250.00,68.2544
312.50,44.5196
375.00,14.2014
437.50,33.5400
500.00,41.9717
airflow(m/s),1.87
clocktime,66273

0.00,3034.9275
62.50,1141.2369
125.00,309.4633
187.50,214.0887
250.00,95.3877
312.50,21.9974
375.00,34.3943
437.50,13.4864
500.00,19.7679
airflow(m/s),4.41
clocktime,68383

0.00,269.7599
62.50,515.3769
125.00,130.3023
187.50,67.4950
250.00,65.8657
312.50,16.8671
375.00,17.5231
437.50,24.1903
500.00,42.6595
airflow(m/s),4.95
clocktime,70548

0.00,3490.3440
62.50,2103.0625
125.00,430.6825
187.50,79.7516
250.00,46.7730
312.50,14.3961
375.00,23.2095
437.50,37.0426
500.00,38.2113
airflow(m/s),5.87
clocktime,72658

0.00,1489.5742
62.50,487.0581
125.00,670.3895
187.50,39.8677
250.00,31.2889
312.50,36.8287
375.00,34.5568
437.50,33.2613
500.00,42.2402
airflow(m/s),2.57
clocktime,74772

0.00,1234.8279
62.50,963.0956
125.00,245.4326
187.50,51.0600
250.00,34.0779
312.50,28.9321
375.00,50.4879
437.50,19.6139
500.00,41.6363
airflow(m/s),2.34
clocktime,76899

0.00,973.5640
62.50,313.4569
125.00,116.6389
187.50,43.7006
250.00,21.6445
312.50,36.2145
375.00,63.8371
437.50,47.3361
500.00,38.1320
airflow(m/s),2.12
clocktime,79014

0.00,296.1181
62.50,222.4215
125.00,95.0003
187.50,75.1532
250.00,47.9182
312.50,43.4708
375.00,26.2903
437.50,38.3417
500.00,36.0854
airflow(m/s),2.23
clocktime,81130

0.00,752.0618
62.50,965.7677
125.00,167.4693
187.50,52.9498
250.00,40.6310
312.50,16.7557
375.00,56.1383
437.50,33.6067
500.00,19.3792
airflow(m/s),2.39
clocktime,83259

0.00,1720.8782
62.50,557.7958
125.00,302.9431
187.50,33.8455
250.00,40.6038
312.50,18.0652
375.00,39.7384
437.50,35.3843
500.00,34.2515
airflow(m/s),5.97
clocktime,85373

0.00,2334.0664
62.50,1028.1646
125.00,102.2250
187.50,38.5749
250.00,59.8805
312.50,25.8303
375.00,34.1784
437.50,35.9901
500.00,26.9076
airflow(m/s),2.02
clocktime,87537

0.00,541.5869
62.50,1091.5758
125.00,399.0990
187.50,70.1850
250.00,15.8798
312.50,24.9607
375.00,52.3902
437.50,30.6025
500.00,46.6342
airflow(m/s),5.76
clocktime,89648

0.00,2958.9723
62.50,1186.8011
125.00,230.0309
187.50,83.0614
250.00,25.6821
312.50,31.2693
375.00,32.4495
437.50,9.0307
500.00,34.8782
airflow(m/s),6.77
clocktime,91759

0.00,2651.6360
62.50,1390.7161
125.00,168.4435
187.50,17.1717
250.00,28.2787
312.50,2.3252
375.00,26.6253
437.50,19.7279
500.00,31.4014
airflow(m/s),2.82
clocktime,93922

0.00,2876.0263
62.50,1190.3510
125.00,238.4110
187.50,89.4954
250.00,27.3683
312.50,77.4425
375.00,63.1294
437.50,52.8815
500.00,43.3210
airflow(m/s),3.36
clocktime,96033

0.00,328.6897
62.50,1187.5234
125.00,243.0080
187.50,25.1232
250.00,26.8774
312.50,28.6978
375.00,33.9467
437.50,38.3309
500.00,16.3048
airflow(m/s),6.89
clocktime,98145

0.00,1763.3830
62.50,925.8902
125.00,107.4765
187.50,122.0795
250.00,60.7148
312.50,31.1502
375.00,32.6196
437.50,24.6780
500.00,32.2334
airflow(m/s),2.57
clocktime,100310

0.00,26.8443
62.50,654.3063
125.00,181.8311
187.50,51.0322
250.00,5.4548
312.50,50.2292
375.00,23.2024
437.50,15.1186
500.00,39.5476
airflow(m/s),4.95
clocktime,102424

0.00,190.7323
62.50,235.3684
125.00,191.5654
187.50,85.1389
250.00,32.7673
312.50,30.5833
375.00,50.7220
437.50,37.4509
500.00,26.9327
airflow(m/s),7.01
clocktime,104538

0.00,1861.4616
62.50,1029.3326
125.00,243.4666
187.50,54.1154
250.00,8.9101
312.50,46.2957
375.00,35.3399
437.50,13.1308
500.00,30.7456
airflow(m/s),2.39
clocktime,106705

0.00,2967.2435
62.50,1329.3779
125.00,66.2775
187.50,58.0554
250.00,11.4894
312.50,36.1718
375.00,60.2734
437.50,7.6319
500.00,37.9439
airflow(m/s),3.74
clocktime,108820

0.00,3138.4232
62.50,1720.2794
125.00,211.1022
187.50,62.9739
250.00,4.5952
312.50,30.5061
375.00,46.2396
437.50,39.2943
500.00,28.4563
airflow(m/s),2.17
clocktime,110934

0.00,51.9783
62.50,528.2785
125.00,101.2348
187.50,152.9568
250.00,57.5333
312.50,65.4829
375.00,51.0081
437.50,115.3004
500.00,72.0974
airflow(m/s),4.41
clocktime,113096

0.00,1093.8792
62.50,750.2465
125.00,280.7097
187.50,135.9379
250.00,11.4774
312.50,70.0437
375.00,69.5696
437.50,203.0890
500.00,86.4068
airflow(m/s),2.17
clocktime,115207

0.00,38.5467
62.50,316.0254
125.00,205.2590
187.50,13.4917
250.00,47.0352
312.50,27.5502
375.00,39.8574
437.50,191.8872
500.00,126.0708
airflow(m/s),2.23
clocktime,117369

0.00,2240.6660
62.50,995.6382
125.00,118.9667
187.50,203.9346
250.00,112.4595
312.50,45.6705
375.00,36.7640
437.50,78.5601
500.00,81.8735
airflow(m/s),2.75
clocktime,119480

0.00,2376.7886
62.50,1520.8583
125.00,353.9934
187.50,135.2104
250.00,60.4902
312.50,39.4062
375.00,44.5010
437.50,29.0286
500.00,35.7361
airflow(m/s),2.02
clocktime,121591

0.00,130.3508
62.50,25.6809
125.00,157.8783
187.50,163.4818
250.00,94.0316
312.50,22.5573
375.00,44.9285
437.50,15.0600
500.00,46.6649
airflow(m/s),4.77
clocktime,123755

0.00,187.8342
62.50,123.6170
125.00,259.3419
187.50,129.0299
250.00,52.3367
312.50,23.6750
375.00,22.0537
437.50,11.8011
500.00,8.2724
airflow(m/s),2.34
clocktime,125869

0.00,1658.1503
62.50,966.1462
125.00,195.3563
187.50,126.1832
250.00,76.9047
312.50,20.9709
375.00,18.6420
437.50,33.5099
500.00,78.3939
airflow(m/s),1.64
clocktime,127983

0.00,1725.0497
62.50,909.9070
125.00,237.0267
187.50,146.1404
250.00,110.2103
312.50,42.3322
375.00,20.8187
437.50,44.5998
500.00,80.8134
airflow(m/s),2.88
clocktime,130151

0.00,2551.8166
62.50,1774.0538
125.00,427.1472
187.50,154.4818
250.00,116.0759
312.50,23.6153
375.00,58.2086
437.50,13.2120
500.00,40.1338
airflow(m/s),2.45
clocktime,132266

0.00,337.1520
62.50,690.9249
125.00,314.4035
187.50,147.7438
250.00,127.9387
312.50,39.4641
375.00,19.7801
437.50,38.8514
500.00,83.0470
airflow(m/s),5.87
clocktime,134382

0.00,299.6464
62.50,1168.9194
125.00,568.0190
187.50,81.2496
250.00,45.8732
312.50,11.5302
375.00,31.6323
437.50,46.4357
500.00,66.7822
airflow(m/s),2.07
clocktime,136549

0.00,1355.9331
62.50,985.8650
125.00,590.0479
187.50,219.0019
250.00,73.7588
312.50,54.7717
375.00,29.0193
437.50,19.9930
500.00,24.3914
airflow(m/s),1.87
clocktime,138659

0.00,3447.8745
62.50,3291.7640
125.00,749.7174
187.50,165.8445
250.00,81.0399
312.50,21.3991
375.00,63.8460
437.50,37.2466
500.00,33.7821
airflow(m/s),2.23
clocktime,140770

0.00,2689.4328
62.50,2083.7952
125.00,775.1642
187.50,283.4847
250.00,67.0942
312.50,67.8001
375.00,13.9863
437.50,28.7127
500.00,39.1967
airflow(m/s),6.54
clocktime,142933

0.00,3178.2496
62.50,1959.7416
125.00,309.6171
187.50,52.3260
250.00,78.9123
312.50,23.4710
375.00,28.4203
437.50,50.7746
500.00,110.8957
airflow(m/s),2.57
clocktime,145044

0.00,1957.9955
62.50,1252.0882
125.00,516.6413
187.50,184.5738
250.00,146.2794
312.50,54.3464
375.00,33.6555
437.50,19.3735
500.00,54.2015
airflow(m/s),3.15
clocktime,147207

0.00,165.5748
62.50,4828.0051
125.00,1611.3979
187.50,33.2643
250.00,15.5708
312.50,111.3135
375.00,74.3550
437.50,25.8985
500.00,96.2589
airflow(m/s),2.39
clocktime,149319

0.00,5463.9498
62.50,3006.8787
125.00,547.1969
187.50,103.3231
250.00,46.7731
312.50,15.5744
375.00,24.2944
437.50,57.3235
500.00,46.8577
airflow(m/s),2.34
clocktime,151434

0.00,1516.7835
62.50,878.5819
125.00,118.7213
187.50,226.4461
250.00,113.2885
312.50,31.4832
375.00,35.8498
437.50,38.2917
500.00,85.8279
airflow(m/s),2.39
clocktime,153601

0.00,832.1083
62.50,475.3143
125.00,215.5056
187.50,202.7836
250.00,61.3168
312.50,23.0944
375.00,32.3199
437.50,25.2492
500.00,83.5549
airflow(m/s),2.28
clocktime,155715

0.00,583.8054
62.50,274.6950
125.00,389.3661
187.50,271.5291
250.00,124.8118
312.50,22.3609
375.00,40.7457
437.50,29.8807
500.00,15.8610
airflow(m/s),2.34
clocktime,157831

0.00,2118.5482
62.50,1409.4661
125.00,421.9409
187.50,189.5117
250.00,78.5299
312.50,59.0808
375.00,14.4564
437.50,42.0775
500.00,54.1931
airflow(m/s),2.45
clocktime,159997

0.00,224.6311
62.50,291.6890
125.00,176.2069
187.50,441.6653
250.00,117.8251
312.50,33.2423
375.00,29.8359
437.50,39.7227
500.00,34.5563
airflow(m/s),1.92
clocktime,162108

0.00,2638.6913
62.50,1727.4373
125.00,611.3879
187.50,305.9514
250.00,26.9377
312.50,32.0704
375.00,43.1227
437.50,29.2729
500.00,71.9437
airflow(m/s),2.69
clocktime,164219

0.00,1856.6172
62.50,591.5533
125.00,180.4586
187.50,41.7012
250.00,9.0297
312.50,43.7160
375.00,24.2547
437.50,64.3465
500.00,107.3022
airflow(m/s),4.58
clocktime,166382

0.00,936.9947
62.50,779.5585
125.00,434.3472
187.50,119.0488
250.00,72.2848
312.50,39.2451
375.00,6.8196
437.50,12.6751
500.00,39.9498
airflow(m/s),3.36
clocktime,168493

0.00,1221.2696
62.50,1001.1442
125.00,262.1390
187.50,65.6450
250.00,16.8624
312.50,28.0083
375.00,37.3409
437.50,30.3357
500.00,13.3059
airflow(m/s),2.34
clocktime,170618

0.00,199.3805
62.50,615.4008
125.00,119.5206
187.50,104.8397
250.00,22.9366
312.50,46.0740
375.00,24.4946
437.50,38.2751
500.00,35.3149
airflow(m/s),2.23
clocktime,172730

0.00,1538.4351
62.50,2012.6250
125.00,649.3840
187.50,167.3522
250.00,31.1120
312.50,17.4752
375.00,43.2026
437.50,51.1404
500.00,49.3504
airflow(m/s),2.51
clocktime,174843

0.00,177.5371
62.50,262.3730
125.00,149.0339
187.50,29.8724
250.00,66.5992
312.50,76.4911
375.00,59.8575
437.50,54.6516
500.00,8.5733
airflow(m/s),2.63
clocktime,177010

0.00,2966.4888
62.50,891.7717
125.00,297.9553
187.50,52.6735
250.00,18.8560
312.50,47.9070
375.00,47.4391
437.50,49.4835
500.00,14.9173
airflow(m/s),3.98
clocktime,179126

0.00,408.4670
62.50,828.5194
125.00,280.6840
187.50,96.9906
250.00,48.3031
312.50,36.9176
375.00,35.7301
437.50,30.7311
500.00,43.2238
airflow(m/s),3.74
clocktime,181241

0.00,3816.5308
62.50,2064.5731
125.00,293.2535
187.50,23.9111
250.00,22.0734
312.50,33.8707
375.00,52.8696
437.50,50.3494
500.00,43.6324
airflow(m/s),2.34
clocktime,183371

0.00,2928.9632
62.50,2040.7133
125.00,659.1895
187.50,196.2940
250.00,79.0452
312.50,28.8992
375.00,26.6419
437.50,16.0320
500.00,31.2985
airflow(m/s),3.08
clocktime,185484

0.00,1498.4487
62.50,2226.6069
125.00,244.8234
187.50,96.0715
250.00,50.2870
312.50,66.7894
375.00,97.1938
437.50,88.0025
500.00,80.8680
airflow(m/s),4.58
clocktime,187595

0.00,2043.3665
62.50,1364.9846
125.00,331.6377
187.50,158.3245
250.00,53.3812
312.50,38.9499
375.00,6.7158
437.50,29.7976
500.00,72.3858
airflow(m/s),2.69
clocktime,189758

0.00,1980.0381
62.50,1403.8722
125.00,290.8360
187.50,63.0828
250.00,45.8863
312.50,52.8127
375.00,57.4942
437.50,35.1375
500.00,55.3710
airflow(m/s),2.23
clocktime,191869

0.00,729.5096
62.50,812.5367
125.00,158.2896
187.50,80.3500
250.00,111.4865
312.50,38.0044
375.00,34.3516
437.50,58.1842
500.00,48.0029
airflow(m/s),2.34
clocktime,194031

0.00,357.7037
62.50,559.2378
125.00,280.9206
187.50,74.6312
250.00,29.8345
312.50,14.9985
375.00,31.0533
437.50,9.7883
500.00,35.2063
airflow(m/s),2.39
clocktime,196142

0.00,563.6821
62.50,459.0383
125.00,59.7139
187.50,99.7435
250.00,80.6152
312.50,35.8665
375.00,50.2136
437.50,43.5733
500.00,67.7371
airflow(m/s),2.39
clocktime,198254

0.00,1455.6737
62.50,1163.1582
125.00,338.2484
187.50,118.4263
250.00,126.0683
312.50,33.0375
375.00,41.6488
437.50,61.1882
500.00,65.6322
airflow(m/s),4.15
clocktime,200423

0.00,1572.3522
62.50,747.2310
125.00,244.7698
187.50,102.5674
250.00,26.2109
312.50,21.2249
375.00,21.6763
437.50,43.0556
500.00,34.4925
airflow(m/s),8.17
clocktime,202538

0.00,1679.3156
62.50,684.6778
125.00,191.7492
187.50,167.7921
250.00,293.6423
312.50,219.1802
375.00,135.6478
437.50,209.0687
500.00,243.4358
airflow(m/s),6.89
clocktime,204653

0.00,3143.6359
62.50,1424.8060
125.00,313.5547
187.50,75.6140
250.00,51.5258
312.50,60.3966
375.00,62.8601
437.50,28.7962
500.00,46.9938
airflow(m/s),5.76
clocktime,206820

0.00,830.8776
62.50,718.1074
125.00,262.4948
187.50,136.4705
250.00,85.3183
312.50,13.5699
375.00,79.3663
437.50,77.0040
500.00,13.7890
airflow(m/s),6.19
clocktime,208936

0.00,820.7789
62.50,478.3819
125.00,16.1917
187.50,79.6394
250.00,56.6487
312.50,27.9281
375.00,31.7057
437.50,38.9534
500.00,81.3111
airflow(m/s),5.87
clocktime,211049

0.00,1549.9802
62.50,996.3176
125.00,177.1693
187.50,139.3425
250.00,86.1440
312.50,21.4813
375.00,37.6139
437.50,47.7972
500.00,57.5788
airflow(m/s),4.86
clocktime,213212

0.00,100.0713
62.50,375.4949
125.00,394.9631
187.50,84.5424
250.00,15.8940
312.50,15.1721
375.00,35.8502
437.50,47.7873
500.00,22.1470
airflow(m/s),4.32
clocktime,215322

0.00,1257.8296
62.50,852.0207
125.00,253.5309
187.50,76.8294
250.00,42.9613
312.50,40.4328
375.00,1.6769
437.50,97.7835
500.00,111.4072
airflow(m/s),4.77
clocktime,217432

0.00,1208.6295
62.50,920.6621
125.00,190.3713
187.50,99.9588
250.00,48.8304
312.50,24.0608
375.00,32.3845
437.50,33.8970
500.00,43.5569
airflow(m/s),3.90
clocktime,219595

0.00,1604.7381
62.50,942.3314
125.00,33.4331
187.50,110.6384
250.00,5.6827
312.50,10.6609
375.00,48.6637
437.50,56.9551
500.00,68.8166
airflow(m/s),3.74
clocktime,221706

0.00,1123.6058
62.50,741.6740
125.00,167.8213
187.50,104.1441
250.00,24.9733
312.50,53.1278
375.00,27.9151
437.50,27.7705
500.00,60.9429
airflow(m/s),2.28
clocktime,223871

0.00,44.8323
62.50,468.7829
125.00,198.3609
187.50,60.2285
250.00,56.2265
312.50,18.4946
375.00,20.6725
437.50,18.6035
500.00,86.0918
airflow(m/s),3.98
clocktime,225985

0.00,585.9524
62.50,840.4203
125.00,285.6053
187.50,146.9618
250.00,74.0275
312.50,23.6974
375.00,51.2116
437.50,21.8762
500.00,65.9576
airflow(m/s),2.39
clocktime,228100

0.00,517.0022
62.50,248.9394
125.00,92.3482
187.50,78.4313
250.00,36.8929
312.50,24.1999
375.00,41.2653
437.50,22.1976
500.00,62.8013
airflow(m/s),5.45
clocktime,230267

0.00,285.7556
62.50,191.7394
125.00,140.9635
187.50,25.5312
250.00,16.6898
312.50,14.5313
375.00,15.5390
437.50,69.6621
500.00,76.5543
airflow(m/s),6.08
clocktime,232382

0.00,2341.0778
62.50,843.7262
125.00,245.4505
187.50,85.7920
250.00,11.3519
312.50,58.4314
375.00,76.2669
437.50,93.1809
500.00,44.9481
airflow(m/s),2.82
clocktime,234494

0.00,2799.1757
62.50,1515.3876
125.00,310.9200
187.50,309.6509
250.00,317.3802
312.50,456.0915
375.00,395.3167
437.50,445.3497
500.00,75.0005
airflow(m/s),5.97
clocktime,236655

0.00,3818.6268
62.50,2212.8814
125.00,484.5325
187.50,83.9805
250.00,24.9751
312.50,41.2246
375.00,32.9240
437.50,46.7885
500.00,67.3823
airflow(m/s),2.51
clocktime,238767

0.00,1703.0548
62.50,1006.1159
125.00,341.7127
187.50,87.4715
250.00,35.2636
312.50,45.9744
375.00,44.6928
437.50,28.0457
500.00,74.3426
airflow(m/s),2.63
clocktime,240879

0.00,98.0218
62.50,615.5899
125.00,214.6058
187.50,33.7365
250.00,74.3481
312.50,79.1916
375.00,63.7783
437.50,44.9699
500.00,50.5766
airflow(m/s),7.38
clocktime,243042

0.00,268.1548
62.50,593.5655
125.00,473.4478
187.50,21.5446
250.00,140.8584
312.50,199.4301
375.00,151.5433
437.50,69.2393
500.00,175.3315
airflow(m/s),1.92
clocktime,245153

0.00,1166.8135
62.50,874.1464
125.00,349.9884
187.50,13.7708
250.00,127.5558
312.50,64.2574
375.00,61.2526
437.50,100.3997
500.00,44.6033
airflow(m/s),2.28
clocktime,247279

0.00,576.6271
62.50,585.9585
125.00,210.7507
187.50,69.2131
250.00,57.2824
312.50,103.1034
375.00,57.8946
437.50,57.5923
500.00,78.8186
airflow(m/s),4.49
clocktime,249392

0.00,2142.4954
62.50,864.0169
125.00,126.0710
187.50,43.5259
250.00,73.1525
312.50,20.3681
375.00,43.4409
437.50,65.4314
500.00,31.4361
airflow(m/s),6.77
clocktime,251506

0.00,1437.7606
62.50,672.6420
125.00,148.5925
187.50,37.7913
250.00,102.0303
312.50,79.7370
375.00,66.6230
437.50,55.7325
500.00,26.5305
airflow(m/s),5.25
clocktime,253675

0.00,590.7247
62.50,541.9482
125.00,199.5156
187.50,105.2884
250.00,68.6108
312.50,45.4860
375.00,44.2979
437.50,63.6000
500.00,92.1104
airflow(m/s),2.88
clocktime,255790

0.00,590.5418
62.50,107.6439
125.00,77.0239
187.50,184.8386
250.00,128.8636
312.50,15.5315
375.00,38.3856
437.50,35.6115
500.00,60.1027
airflow(m/s),5.25
clocktime,257906

0.00,601.6523
62.50,360.4002
125.00,239.3159
187.50,176.2332
250.00,39.5965
312.50,51.9857
375.00,74.0720
437.50,58.9200
500.00,62.1118
airflow(m/s),1.64
clocktime,260072

0.00,2057.0116
62.50,1273.6711
125.00,333.1787
187.50,89.1319
250.00,45.8964
312.50,52.7409
375.00,56.4485
437.50,51.0594
500.00,66.6169
airflow(m/s),2.69
clocktime,262182

0.00,416.3952
62.50,146.4437
125.00,542.3325
187.50,457.2389
250.00,605.4245
312.50,343.8184
375.00,218.6745
437.50,8.9805
500.00,85.8149
airflow(m/s),7.01
clocktime,264293

0.00,412.9474
62.50,938.9015
125.00,217.1525
187.50,72.4836
250.00,50.8515
312.50,17.8595
375.00,45.9522
437.50,40.8322
500.00,75.5553
airflow(m/s),2.75
clocktime,266459

0.00,2117.5950
62.50,966.3467
125.00,120.4461
187.50,53.7090
250.00,36.9779
312.50,5.7827
375.00,60.3596
437.50,28.9177
500.00,87.1164
airflow(m/s),1.97
clocktime,268571

0.00,2181.8533
62.50,971.7818
125.00,131.8134
187.50,63.0053
250.00,56.8400
312.50,8.3865
375.00,34.3826
437.50,42.5582
500.00,61.9077
airflow(m/s),2.07
clocktime,270682

0.00,376.7516
62.50,497.7712
125.00,178.8564
187.50,107.8496
250.00,35.2073
312.50,27.7377
375.00,33.8088
437.50,51.5293
500.00,50.9081
airflow(m/s),2.17
clocktime,272846

0.00,1210.8833
62.50,604.4619
125.00,104.9542
187.50,125.3401
250.00,117.7516
312.50,320.6320
375.00,137.5805
437.50,120.2591
500.00,173.0456
airflow(m/s),3.74
clocktime,274960

0.00,126.4895
62.50,282.5047
125.00,259.3814
187.50,123.5298
250.00,28.2026
312.50,25.4835
375.00,42.9470
437.50,41.0644
500.00,42.3600
airflow(m/s),2.63
clocktime,277127

0.00,1577.3205
62.50,1226.3828
125.00,623.3972
187.50,258.9255
250.00,84.6574
312.50,109.4151
375.00,52.1484
437.50,28.0650
500.00,99.0729
airflow(m/s),6.65
clocktime,279243

0.00,1985.1313
62.50,1241.7211
125.00,370.0575
187.50,119.9489
250.00,120.1423
312.50,50.8290
375.00,7.5114
437.50,22.2378
500.00,33.6385
airflow(m/s),1.68
clocktime,281359

0.00,2184.4537
62.50,1605.2592
125.00,130.6697
187.50,173.0984
250.00,81.5761
312.50,71.5762
375.00,105.7762
437.50,61.4493
500.00,67.1306
airflow(m/s),1.92
clocktime,283526

0.00,1151.9904
62.50,618.7618
125.00,76.5142
187.50,75.4817
250.00,61.5541
312.50,90.0240
375.00,40.2758
437.50,59.2534
500.00,74.8057
airflow(m/s),1.55
clocktime,285638

0.00,15.8843
62.50,352.3908
125.00,354.2748
187.50,28.3057
250.00,266.3508
312.50,294.9401
375.00,195.5227
437.50,84.9793
500.00,79.8141
airflow(m/s),2.07
clocktime,287749

0.00,1054.0058
62.50,738.3027
125.00,344.0987
187.50,142.0607
250.00,42.6738
312.50,145.4761
375.00,111.7731
437.50,84.2801
500.00,148.9000
airflow(m/s),3.66
clocktime,289913

0.00,250.8820
62.50,145.5992
125.00,100.0527
187.50,56.6828
250.00,64.9737
312.50,9.9738
375.00,26.2424
437.50,67.4394
500.00,67.3206
airflow(m/s),2.63
clocktime,292024

0.00,1539.4571
62.50,622.9207
125.00,80.8878
187.50,15.9493
250.00,39.2076
312.50,14.3772
375.00,25.7289
437.50,53.6169
500.00,44.4269
airflow(m/s),2.28
clocktime,294135

0.00,248.1985
62.50,1104.0073
125.00,334.9625
187.50,380.7155
250.00,520.8014
312.50,438.7524
375.00,39.1912
437.50,140.5044
500.00,46.0520
airflow(m/s),2.23
clocktime,296299

0.00,950.2909
62.50,705.1782
125.00,199.5617
187.50,54.9824
250.00,44.0898
312.50,38.4241
375.00,34.4064
437.50,32.7621
500.00,45.6150
airflow(m/s),2.34
clocktime,298412

0.00,2851.9322
62.50,1427.5771
125.00,152.1711
187.50,122.2652
250.00,40.4592
312.50,22.3090
375.00,36.3095
437.50,24.0193
500.00,35.0270
airflow(m/s),1.43
clocktime,300579

0.00,835.8515
62.50,389.6074
125.00,35.9947
187.50,112.2549
250.00,57.4149
312.50,27.7961
375.00,57.8508
437.50,44.6044
500.00,56.0799
airflow(m/s),2.34
clocktime,302694

0.00,1545.7424
62.50,648.4650
125.00,57.5894
187.50,27.2233
250.00,28.3378
312.50,60.1614
375.00,87.6085
437.50,47.5340
500.00,39.4492
airflow(m/s),1.64
clocktime,304810

0.00,4985.7349
62.50,2673.3921
125.00,300.1554
187.50,58.9529
250.00,28.9365
312.50,15.1627
375.00,11.9273
437.50,21.2480
500.00,49.3669
airflow(m/s),3.59
clocktime,306979

0.00,1719.5415
62.50,903.6891
125.00,154.4808
187.50,78.2675
250.00,38.2244
312.50,21.4323
375.00,47.4659
437.50,51.1025
500.00,35.3432
airflow(m/s),2.12
clocktime,309094

0.00,604.9342
62.50,888.0252
125.00,400.4635
187.50,74.5172
250.00,33.0300
312.50,29.4630
375.00,48.4540
437.50,16.9954
500.00,38.1190
airflow(m/s),2.39
clocktime,311206

0.00,2578.4883
62.50,1003.3739
125.00,201.4007
187.50,70.8087
250.00,5.3106
312.50,41.0356
375.00,38.0947
437.50,36.0410
500.00,47.5308
airflow(m/s),6.77
clocktime,313369

0.00,1273.0070
62.50,932.9643
125.00,192.4952
187.50,65.5768
250.00,30.1048
312.50,28.2602
375.00,31.9638
437.50,35.8236
500.00,36.0156
airflow(m/s),2.69
clocktime,315480

0.00,882.9495
62.50,495.2310
125.00,53.4826
187.50,33.1717
250.00,4.2634
312.50,31.6469
375.00,34.9130
437.50,25.1311
500.00,36.6102
airflow(m/s),4.41
clocktime,317592

0.00,339.3955
62.50,504.0235
125.00,213.5105
187.50,15.6276
250.00,43.0650
312.50,36.3098
375.00,33.5359
437.50,49.0130
500.00,35.2294
airflow(m/s),5.45
clocktime,319755

0.00,726.1599
62.50,664.3706
125.00,220.7633
187.50,63.8704
250.00,77.7175
312.50,48.0935
375.00,41.9529
437.50,9.5928
500.00,43.6930
airflow(m/s),2.75
clocktime,321867

0.00,1593.7537
62.50,744.7118
125.00,121.4718
187.50,134.4715
250.00,43.8546
312.50,49.7749
375.00,34.0391
437.50,8.5423
500.00,31.2103
airflow(m/s),5.05
clocktime,323980

0.00,1175.8768
62.50,658.2288
125.00,113.1342
187.50,87.1691
250.00,58.0313
312.50,63.2710
375.00,34.9923
437.50,30.0808
500.00,56.1771
airflow(m/s),5.15
clocktime,326151

0.00,107.0553
62.50,44.2847
125.00,192.7489
187.50,55.6394
250.00,32.7860
312.50,14.7569
375.00,26.3803
437.50,48.4538
500.00,45.4560
airflow(m/s),4.58
clocktime,328267

0.00,451.2046
62.50,235.1147
125.00,43.1689
187.50,34.9248
250.00,18.0914
312.50,32.4787
375.00,55.5330
437.50,9.1650
500.00,29.0268
airflow(m/s),4.49
clocktime,330397

0.00,1783.7354
62.50,1083.7331
125.00,299.0364
187.50,66.4240
250.00,71.3096
312.50,55.0371
375.00,39.1656
437.50,30.3443
500.00,39.9993
airflow(m/s),1.82
clocktime,332513

0.00,1285.6387
62.50,852.9890
125.00,108.0466
187.50,10.8887
250.00,27.1155
312.50,43.1967
375.00,38.7646
437.50,41.4840
500.00,32.3100
airflow(m/s),4.86
clocktime,334626

0.00,597.9798
62.50,665.0768
125.00,180.6411
187.50,95.5022
250.00,29.0681
312.50,37.8761
375.00,17.1898
437.50,40.5670
500.00,44.0989
airflow(m/s),1.82
clocktime,336789

0.00,237.3107
62.50,493.6830
125.00,259.6832
187.50,30.6572
250.00,59.9899
312.50,35.5560
375.00,44.2968
437.50,22.0286
500.00,36.1195
airflow(m/s),2.51
clocktime,338900

0.00,11.6170
62.50,583.7722
125.00,210.5216
187.50,65.2248
250.00,63.0638
312.50,49.1139
375.00,40.4426
437.50,32.1955
500.00,36.3346
airflow(m/s),2.34
clocktime,341011

0.00,3370.1085
62.50,1676.9790
125.00,268.3239
187.50,164.4098
250.00,37.7198
312.50,26.9226
375.00,34.5300
437.50,30.9869
500.00,39.0614
airflow(m/s),2.57
clocktime,343173

0.00,1057.8812
62.50,502.4261
125.00,71.6918
187.50,109.5274
250.00,132.8415
312.50,92.5523
375.00,163.8707
437.50,359.9156
500.00,716.4439
airflow(m/s),1.47
clocktime,345284

0.00,431.0318
62.50,247.6465
125.00,172.8425
187.50,31.4364
250.00,33.8105
312.50,48.9967
375.00,25.3002
437.50,24.3571
500.00,28.5155
airflow(m/s),2.12
clocktime,347396

0.00,1240.7257
62.50,638.8440
125.00,88.8385
187.50,56.6813
250.00,24.8600
312.50,26.8878
375.00,53.9903
437.50,19.1482
500.00,49.2787
airflow(m/s),2.28
clocktime,349562

0.00,806.0252
62.50,665.4086
125.00,268.5305
187.50,52.8522
250.00,41.8692
312.50,27.9643
375.00,17.4743
437.50,22.9537
500.00,35.5216
airflow(m/s),2.07
clocktime,351678

0.00,161.2958
62.50,391.5417
125.00,337.0295
187.50,87.3908
250.00,66.1792
312.50,33.1239
375.00,25.8530
437.50,42.0921
500.00,33.0888
airflow(m/s),3.44
clocktime,353846

0.00,874.9299
62.50,1273.4610
125.00,324.0060
187.50,67.8470
250.00,28.3280
312.50,6.4975
375.00,42.7530
437.50,19.8541
500.00,51.5975
airflow(m/s),2.23
clocktime,355961

0.00,1124.3623
62.50,865.1042
125.00,332.2928
187.50,86.0674
250.00,48.0334
312.50,10.4321
375.00,2.0764
437.50,25.6057
500.00,43.5156
airflow(m/s),2.39
clocktime,358077

0.00,667.3139
62.50,553.4224
125.00,315.3080
187.50,119.7452
250.00,26.6853
312.50,43.8871
375.00,49.4417
437.50,38.9493
500.00,37.2453
airflow(m/s),2.45
clocktime,360241

0.00,3405.6071
62.50,2219.0815
125.00,472.7587
187.50,65.0273
250.00,47.6815
312.50,23.9903
375.00,34.3970
437.50,46.1042
500.00,32.4522
airflow(m/s),5.55
clocktime,362353

0.00,305.8128
62.50,2119.2114
125.00,675.4126
187.50,48.4341
250.00,25.2469
312.50,31.6282
375.00,28.8016
437.50,47.1047
500.00,41.7815
airflow(m/s),6.77
clocktime,364464

0.00,157.4084
62.50,720.5746
125.00,192.8612
187.50,101.3598
250.00,54.1484
312.50,14.6633
375.00,48.5426
437.50,45.2636
500.00,58.9915
airflow(m/s),6.54
clocktime,366627

0.00,181.3837
62.50,566.9650
125.00,144.8430
187.50,96.7513
250.00,54.5699
312.50,61.7685
375.00,73.2399
437.50,48.8542
500.00,39.1308
airflow(m/s),5.05
clocktime,368738

0.00,280.8315
62.50,725.4568
125.00,364.3640
187.50,90.7952
250.00,49.7372
312.50,33.4404
375.00,41.8085
437.50,29.7565
500.00,46.0007
airflow(m/s),5.97
clocktime,370849

0.00,907.8131
62.50,293.3161
125.00,177.9708
187.50,50.1302
250.00,65.5083
312.50,91.4607
375.00,99.3021
437.50,90.2479
500.00,66.5059
airflow(m/s),5.87
clocktime,373013

0.00,103.3275
62.50,646.7104
125.00,194.3521
187.50,71.4806
250.00,34.3141
312.50,43.4948
375.00,24.9711
437.50,45.9368
500.00,35.3317
airflow(m/s),6.77
clocktime,375128

0.00,2631.2188
62.50,1190.5977
125.00,108.9798
187.50,74.7649
250.00,32.7908
312.50,3.1088
375.00,18.4704
437.50,19.9569
500.00,52.9436
airflow(m/s),5.65
clocktime,377244

0.00,1943.6541
62.50,923.6631
125.00,192.2294
187.50,53.7027
250.00,70.3443
312.50,56.3058
375.00,55.6571
437.50,36.9333
500.00,48.5338
airflow(m/s),1.92
clocktime,379412

0.00,904.1028
62.50,511.2305
125.00,219.8575
187.50,63.8194
250.00,33.9603
312.50,37.0277
375.00,28.0413
437.50,44.9670
500.00,49.4277
airflow(m/s),3.82
clocktime,381528

0.00,810.3225
62.50,1302.3522
125.00,399.4655
187.50,51.0794
250.00,46.8383
312.50,28.9776
375.00,37.7377
437.50,33.7036
500.00,42.5590
airflow(m/s),5.35
clocktime,383698

0.00,2173.4276
62.50,1316.1639
125.00,380.4401
187.50,65.9013
250.00,18.4139
312.50,9.2974
375.00,20.1015
437.50,16.3803
500.00,34.2302
airflow(m/s),4.49
clocktime,385811

0.00,1017.2700
62.50,541.2889
125.00,94.8565
187.50,125.2633
250.00,65.7693
312.50,16.2501
375.00,30.0412
437.50,46.0776
500.00,45.9195
airflow(m/s),4.77
clocktime,387923

0.00,1618.2164
62.50,963.4545
125.00,98.4259
187.50,80.1613
250.00,29.6043
312.50,30.1740
375.00,24.9395
437.50,46.8419
500.00,49.4566
airflow(m/s),2.12
clocktime,390085

0.00,1064.5475
62.50,610.7252
125.00,226.0278
187.50,86.8391
250.00,61.9662
312.50,17.2765
375.00,33.3787
437.50,18.9479
500.00,53.3499
airflow(m/s),7.26
clocktime,392196

0.00,11.1974
62.50,442.6793
125.00,196.7644
187.50,129.0470
250.00,50.0659
312.50,28.8010
375.00,37.6979
437.50,21.7325
500.00,18.9188
airflow(m/s),5.65
clocktime,394307

0.00,2133.9703
62.50,1246.2880
125.00,240.4258
187.50,102.0725
250.00,73.1363
312.50,23.6320
375.00,42.0007
437.50,47.1344
500.00,35.8539
airflow(m/s),7.38
clocktime,396470

0.00,2712.2073
62.50,1506.1173
125.00,192.9280
187.50,110.1120
250.00,53.9223
312.50,125.6002
375.00,62.2863
437.50,76.7775
500.00,32.7802
airflow(m/s),2.82
clocktime,398583

0.00,1268.7784
62.50,824.7044
125.00,393.0651
187.50,227.9151
250.00,84.7705
312.50,73.1955
375.00,69.5006
437.50,27.9470
500.00,45.1584
airflow(m/s),2.34
clocktime,400699

0.00,551.7261
62.50,127.6147
125.00,213.9846
187.50,218.5934
250.00,210.5680
312.50,94.7175
375.00,76.8205
437.50,85.6253
500.00,13.7933
airflow(m/s),2.17
clocktime,402866

0.00,5190.5864
62.50,2453.0213
125.00,239.3524
187.50,39.4526
250.00,62.4155
312.50,63.7274
375.00,52.0226
437.50,12.4653
500.00,18.8074
airflow(m/s),2.51
clocktime,404982

0.00,442.4457
62.50,170.1073
125.00,318.1081
187.50,158.7618
250.00,22.4998
312.50,20.4680
375.00,32.9143
437.50,31.6022
500.00,32.7788
airflow(m/s),2.51
clocktime,407150

0.00,13.7694
62.50,166.8294
125.00,37.5244
187.50,101.8375
250.00,30.9771
312.50,20.8628
375.00,57.4916
437.50,34.5020
500.00,45.5329
airflow(m/s),2.57
clocktime,409263

0.00,658.7783
62.50,1285.1983
125.00,309.4777
187.50,110.3045
250.00,25.2942
312.50,24.6538
375.00,36.3129
437.50,33.3835
500.00,1.9049
airflow(m/s),2.45
clocktime,411375

0.00,2301.5624
62.50,1148.9423
125.00,108.4332
187.50,237.1423
250.00,324.7558
312.50,385.8685
375.00,80.7846
437.50,168.5570
500.00,83.1570
airflow(m/s),2.34
clocktime,413539

0.00,411.5740
62.50,700.3604
125.00,251.9602
187.50,4.7081
250.00,58.7301
312.50,65.1292
375.00,27.2352
437.50,31.2407
500.00,39.8573
airflow(m/s),2.17
clocktime,415650

0.00,1226.2746
62.50,503.3668
125.00,121.1187
187.50,120.1973
250.00,50.9369
312.50,46.4353
375.00,29.0036
437.50,5.4463
500.00,25.4879
airflow(m/s),2.69
clocktime,417762

0.00,1932.8898
62.50,914.3586
125.00,137.4011
187.50,71.5913
250.00,42.7627
312.50,17.6177
375.00,43.0802
437.50,24.0812
500.00,39.4057
airflow(m/s),2.39
clocktime,419887

0.00,624.5423
62.50,784.3192
125.00,185.1956
187.50,73.8016
250.00,79.8479
312.50,27.8130
375.00,51.5955
437.50,9.9405
500.00,26.2819
airflow(m/s),2.69
clocktime,422000

0.00,1588.2809
62.50,665.6094
125.00,251.9435
187.50,83.6149
250.00,70.7675
312.50,53.1282
375.00,53.7888
437.50,45.8749
500.00,22.8876
airflow(m/s),2.57
clocktime,424113

0.00,372.1020
62.50,1139.1279
125.00,273.6531
187.50,83.9615
250.00,40.2612
312.50,21.1232
375.00,69.4198
437.50,26.9743
500.00,33.2893
airflow(m/s),2.51
clocktime,426282

0.00,2429.7496
62.50,1608.2488
125.00,186.1465
187.50,88.0779
250.00,65.2940
312.50,18.5040
375.00,56.2189
437.50,7.6136
500.00,17.2120
airflow(m/s),5.55
clocktime,428398

0.00,644.6993
62.50,606.3606
125.00,319.9392
187.50,15.3796
250.00,75.1233
312.50,49.2450
375.00,31.6273
437.50,46.0362
500.00,43.4828
airflow(m/s),5.45
clocktime,430514

0.00,1019.2922
62.50,778.6306
125.00,35.2945
187.50,130.0575
250.00,88.1862
312.50,11.8515
375.00,40.5309
437.50,30.3608
500.00,42.5433
airflow(m/s),2.51
clocktime,432681

0.00,1038.8116
62.50,589.9473
125.00,17.4581
187.50,86.1239
250.00,76.1500
312.50,69.9215
375.00,50.6018
437.50,7.3629
500.00,38.7564
airflow(m/s),5.35
clocktime,434794

0.00,488.1901
62.50,246.0313
125.00,16.4384
187.50,55.6592
250.00,59.6479
312.50,32.3940
375.00,29.1051
437.50,30.1027
500.00,25.4873
airflow(m/s),2.34
clocktime,436957

0.00,2234.7094
62.50,1109.4468
125.00,18.5156
187.50,100.0325
250.00,34.7730
312.50,13.7173
375.00,23.8337
437.50,39.3335
500.00,24.4831
airflow(m/s),7.51
clocktime,439070

0.00,871.0249
62.50,781.2979
125.00,289.1357
187.50,102.2399
250.00,24.3011
312.50,45.8415
375.00,40.4392
437.50,34.6853
500.00,33.9946
airflow(m/s),2.75
clocktime,441180

0.00,1160.6139
62.50,432.9362
125.00,185.7267
187.50,36.7522
250.00,60.2751
312.50,52.0085
375.00,35.6973
437.50,16.2804
500.00,10.0944
airflow(m/s),2.57
clocktime,443344

0.00,1428.3522
62.50,688.7614
125.00,144.6005
187.50,87.4421
250.00,40.7076
312.50,57.0183
375.00,11.2203
437.50,29.8798
500.00,38.9126
airflow(m/s),2.63
clocktime,445793

0.00,2524.1589
62.50,1402.9773
125.00,274.5999
187.50,47.5069
250.00,2.8630
312.50,6.5278
375.00,4.4912
437.50,24.4134
500.00,37.4245
airflow(m/s),2.39
clocktime,447907

0.00,2165.0286
62.50,1390.9353
125.00,388.3592
187.50,94.8066
250.00,43.2972
312.50,34.6271
375.00,24.4361
437.50,24.4956
500.00,41.9771
airflow(m/s),1.60
clocktime,450074

0.00,891.2135
62.50,404.7414
125.00,140.5530
187.50,113.8419
250.00,35.3572
312.50,62.1244
375.00,63.1809
437.50,44.8880
500.00,39.2017
airflow(m/s),5.76
clocktime,452191

0.00,1507.1444
62.50,910.3293
125.00,43.7846
187.50,161.3455
250.00,135.4863
312.50,70.4193
375.00,39.0385
437.50,21.2311
500.00,29.6072
airflow(m/s),3.08
clocktime,454307

0.00,9218.3400
62.50,4442.5476
125.00,326.0792
187.50,140.1700
250.00,62.6621
312.50,25.8972
375.00,44.0440
437.50,42.2660
500.00,38.7786
airflow(m/s),2.28
clocktime,456475

0.00,1144.6075
62.50,750.9127
125.00,191.5774
187.50,77.9442
250.00,40.2895
312.50,26.7199
375.00,78.8904
437.50,15.1594
500.00,36.3037
airflow(m/s),3.51
clocktime,458589

0.00,939.4744
62.50,816.6613
125.00,145.7339
187.50,117.0664
250.00,61.3910
312.50,54.5723
375.00,42.4875
437.50,38.9962
500.00,52.9696
airflow(m/s),2.63
clocktime,460700

0.00,568.3657
62.50,825.3790
125.00,188.7318
187.50,29.6660
250.00,20.6962
312.50,21.1536
375.00,22.2355
437.50,1.5739
500.00,45.4955
airflow(m/s),2.82
clocktime,462864

0.00,534.2585
62.50,402.7851
125.00,143.7468
187.50,60.5583
250.00,13.2656
312.50,11.9310
375.00,11.4826
437.50,28.8977
500.00,32.8934
airflow(m/s),2.57
clocktime,464976

0.00,865.1484
62.50,1122.2454
125.00,263.3478
187.50,90.3237
250.00,91.5766
312.50,6.8688
375.00,14.1706
437.50,47.8820
500.00,27.0040
airflow(m/s),2.82
clocktime,467139

0.00,111.8093
62.50,84.8705
125.00,82.1185
187.50,204.5798
250.00,109.0347
312.50,17.7270
375.00,28.5934
437.50,32.9750
500.00,28.1878
airflow(m/s),2.82
clocktime,469251

0.00,499.7189
62.50,546.7760
125.00,245.9363
187.50,67.1032
250.00,22.8425
312.50,43.0156
375.00,39.7948
437.50,43.1691
500.00,36.8487
airflow(m/s),4.67
clocktime,471363

0.00,433.5205
62.50,787.8924
125.00,37.8632
187.50,60.5362
250.00,41.5110
312.50,65.0353
375.00,24.1566
437.50,32.9536
500.00,32.0605
airflow(m/s),2.07
clocktime,473530

0.00,149.1318
62.50,137.1192
125.00,162.8381
187.50,151.1807
250.00,130.9184
312.50,48.3743
375.00,33.1195
437.50,35.2095
500.00,32.3353
airflow(m/s),2.34
clocktime,475646

0.00,2687.9036
62.50,1439.9157
125.00,137.5851
187.50,108.3838
250.00,90.4229
312.50,67.5745
375.00,74.5611
437.50,46.7844
500.00,57.6117
airflow(m/s),2.17
clocktime,477762

0.00,19.0753
62.50,79.3475
125.00,125.6129
187.50,82.6757
250.00,66.6893
312.50,87.1282
375.00,38.0763
437.50,32.0011
500.00,34.3128
airflow(m/s),2.34
clocktime,479929

0.00,1916.1146
62.50,1220.1214
125.00,242.5777
187.50,84.9845
250.00,87.1634
312.50,64.4876
375.00,38.7453
437.50,44.7549
500.00,51.8527
airflow(m/s),2.23
clocktime,482045

0.00,387.2518
62.50,378.1781
125.00,118.6142
187.50,187.4240
250.00,56.9681
312.50,97.0163
375.00,52.1898
437.50,6.8882
500.00,33.6347
airflow(m/s),2.02
clocktime,484157

0.00,3695.5928
62.50,1765.6577
125.00,167.1637
187.50,79.6762
250.00,168.3614
312.50,87.6114
375.00,21.9443
437.50,20.7996
500.00,36.0200
airflow(m/s),2.45
clocktime,486322

0.00,1707.5131
62.50,815.5157
125.00,143.4093
187.50,44.5829
250.00,34.6654
312.50,32.5115
375.00,14.1621
437.50,25.2737
500.00,34.1049
airflow(m/s),2.39
clocktime,488433

0.00,1677.7434
62.50,773.2777
125.00,39.7806
187.50,165.6178
250.00,156.9622
312.50,54.2157
375.00,81.3937
437.50,73.4599
500.00,16.0394
airflow(m/s),2.69
clocktime,490600

0.00,2061.5137
62.50,1147.6913
125.00,92.1177
187.50,54.9382
250.00,28.2581
312.50,34.5032
375.00,38.8097
437.50,32.0324
500.00,35.9284
airflow(m/s),4.58
clocktime,492711

0.00,1030.1958
62.50,749.8183
125.00,299.0572
187.50,135.2751
250.00,42.4442
312.50,19.1171
375.00,33.4338
437.50,57.8696
500.00,68.7327
airflow(m/s),6.31
clocktime,494823

0.00,2363.4476
62.50,1142.2213
125.00,292.5864
187.50,124.0518
250.00,60.1607
312.50,11.4003
375.00,15.0826
437.50,33.0917
500.00,27.7056
airflow(m/s),3.82
clocktime,496988

0.00,3878.7759
62.50,1769.4883
125.00,221.8811
187.50,249.1470
250.00,48.3221
312.50,54.9998
375.00,23.3373
437.50,27.0654
500.00,26.7399
airflow(m/s),6.65
clocktime,499104

0.00,143.8694
62.50,202.0934
125.00,165.5584
187.50,140.7365
250.00,118.6059
312.50,165.9463
375.00,685.9838
437.50,812.2118
500.00,147.6949
airflow(m/s),2.45
clocktime,501220

0.00,66.2410
62.50,597.7606
125.00,157.3370
187.50,75.4322
250.00,82.7097
312.50,26.5958
375.00,94.2821
437.50,46.0454
500.00,29.1244
airflow(m/s),2.57
clocktime,503388

0.00,1375.2212
62.50,818.2241
125.00,125.6859
187.50,37.6422
250.00,19.8403
312.50,48.6754
375.00,23.9969
437.50,41.8455
500.00,40.7085
airflow(m/s),2.63
clocktime,505504

0.00,2287.6309
62.50,1102.9337
125.00,158.8296
187.50,43.7613
250.00,43.7144
312.50,59.4758
375.00,54.5915
437.50,11.4379
500.00,21.8835
airflow(m/s),2.69
clocktime,507618

0.00,249.6948
62.50,348.7103
125.00,190.1195
187.50,133.3417
250.00,41.9543
312.50,14.4978
375.00,50.8561
437.50,57.4192
500.00,61.4151
airflow(m/s),1.68
clocktime,509782

0.00,4157.7550
62.50,1852.6086
125.00,243.8146
187.50,137.9415
250.00,84.7675
312.50,13.6511
375.00,31.9992
437.50,52.3487
500.00,40.3010
airflow(m/s),1.87
clocktime,511894

0.00,2050.7356
62.50,943.3551
125.00,59.5243
187.50,46.3044
250.00,29.1471
312.50,38.1647
375.00,25.4692
437.50,24.9868
500.00,38.7041
airflow(m/s),3.36
clocktime,514006

0.00,574.1401
62.50,296.1811
125.00,181.4238
187.50,132.9650
250.00,61.6917
312.50,18.0322
375.00,38.6632
437.50,13.6033
500.00,29.6243
airflow(m/s),2.51
clocktime,516169

0.00,2809.2207
62.50,1078.2940
125.00,266.7185
187.50,48.5398
250.00,17.2688
312.50,35.6275
375.00,38.1820
437.50,28.6549
500.00,26.3710
airflow(m/s),2.51
clocktime,518280

0.00,319.2577
62.50,275.5123
125.00,90.7296
187.50,298.8474
250.00,160.1210
312.50,75.3894
375.00,470.3398
437.50,1318.2220
500.00,696.1639
airflow(m/s),2.17
clocktime,520445

0.00,3342.6932
62.50,1318.5997
125.00,164.8730
187.50,28.2539
250.00,14.8290
312.50,41.9526
375.00,56.5434
437.50,30.1368
500.00,24.2233
airflow(m/s),2.75
clocktime,522561

0.00,2997.8931
62.50,1417.7957
125.00,164.6632
187.50,42.0029
250.00,273.2365
312.50,241.7847
375.00,55.4330
437.50,37.2690
500.00,89.3907
airflow(m/s),5.45
clocktime,524676

0.00,1697.5085
62.50,852.5824
125.00,210.2508
187.50,56.0905
250.00,63.4736
312.50,50.5911
375.00,63.6642
437.50,2.0216
500.00,40.7008
airflow(m/s),2.69
clocktime,526845

0.00,1871.8084
62.50,1160.6086
125.00,243.4135
187.50,131.5598
250.00,66.8682
312.50,66.9220
375.00,50.8620
437.50,13.5071
500.00,32.5688
airflow(m/s),3.29
clocktime,528962

0.00,1071.5367
62.50,811.4491
125.00,319.4969
187.50,137.0764
250.00,89.4921
312.50,34.3243
375.00,21.6749
437.50,32.8954
500.00,30.3934
airflow(m/s),3.98
clocktime,531078

0.00,622.4903
62.50,512.8010
125.00,152.4155
187.50,29.0538
250.00,59.0326
312.50,22.5863
375.00,20.1313
437.50,19.2101
500.00,28.9742
airflow(m/s),1.60
clocktime,533242

0.00,52.5654
62.50,922.1346
125.00,426.5451
187.50,150.5268
250.00,139.6473
312.50,27.0994
375.00,54.6618
437.50,121.7363
500.00,117.6845
airflow(m/s),3.08
clocktime,535354

0.00,849.8300
62.50,967.8711
125.00,378.3510
187.50,33.7819
250.00,44.2893
312.50,157.1177
375.00,169.9261
437.50,26.8889
500.00,31.3317
airflow(m/s),4.32
clocktime,537466

0.00,1333.3823
62.50,1420.2604
125.00,617.3342
187.50,117.3523
250.00,131.4037
312.50,130.6095
375.00,118.2790
437.50,96.8451
500.00,61.2900
airflow(m/s),7.38
clocktime,539629

0.00,2185.2918
62.50,1144.1289
125.00,218.7039
187.50,150.0098
250.00,44.6799
312.50,31.1654
375.00,56.6119
437.50,85.8597
500.00,47.2951
airflow(m/s),1.55
clocktime,541740

0.00,300.2575
62.50,333.8803
125.00,336.6837
187.50,261.1420
250.00,108.2339
312.50,15.4776
375.00,35.2949
437.50,24.2043
500.00,28.2247
airflow(m/s),5.87
clocktime,543903

0.00,453.5381
62.50,106.9422
125.00,77.0662
187.50,114.0009
250.00,95.0288
312.50,74.6689
375.00,59.7691
437.50,50.1505
500.00,40.7404
airflow(m/s),4.23
clocktime,546017

0.00,25.9036
62.50,1087.6894
125.00,446.6997
187.50,52.6726
250.00,32.5482
312.50,20.4031
375.00,21.4825
437.50,13.1747
500.00,48.7192
airflow(m/s),2.69
clocktime,548132

0.00,1222.6442
62.50,660.4518
125.00,153.8058
187.50,30.4363
250.00,47.8878
312.50,57.8387
375.00,29.9343
437.50,24.5801
500.00,43.0402
airflow(m/s),2.69
clocktime,550303

0.00,1649.6120
62.50,837.8826
125.00,211.1117
187.50,73.9884
250.00,57.8265
312.50,42.2370
375.00,51.1476
437.50,19.7784
500.00,35.6946
airflow(m/s),6.08
clocktime,552419

0.00,71.0113
62.50,422.1957
125.00,178.3945
187.50,107.3636
250.00,46.0218
312.50,47.0608
375.00,69.6349
437.50,41.2438
500.00,42.0643
airflow(m/s),1.73
clocktime,554535

0.00,324.2395
62.50,131.0485
125.00,83.0500
187.50,73.9646
250.00,7.8150
312.50,43.9336
375.00,33.6370
437.50,4.7822
500.00,30.8671
airflow(m/s),1.92
clocktime,556703

0.00,317.2834
62.50,393.2779
125.00,203.1842
187.50,89.6989
250.00,89.2297
312.50,65.4129
375.00,76.0257
437.50,20.0628
500.00,32.8475
airflow(m/s),1.82
clocktime,558815

0.00,369.7367
62.50,248.7380
125.00,237.9483
187.50,28.8264
250.00,73.5938
312.50,57.8564
375.00,78.0388
437.50,25.1196
500.00,24.9869
airflow(m/s),3.66
clocktime,560926

0.00,65.2300
62.50,895.1609
125.00,340.7814
187.50,82.3713
250.00,50.6653
312.50,70.9288
375.00,35.1133
437.50,16.4531
500.00,30.9892
airflow(m/s),6.54
clocktime,563089

0.00,883.6927
62.50,789.9431
125.00,30.4835
187.50,94.3147
250.00,104.6846
312.50,58.5695
375.00,21.3554
437.50,27.0777
500.00,13.1093
airflow(m/s),7.26
clocktime,565202

0.00,394.9721
62.50,455.7880
125.00,253.6073
187.50,56.2272
250.00,58.8277
312.50,66.5146
375.00,62.3633
437.50,48.6561
500.00,21.3151
airflow(m/s),4.86
clocktime,567313

0.00,485.5071
62.50,553.7465
125.00,188.7646
187.50,43.2055
250.00,12.6240
312.50,52.6157
375.00,36.7338
437.50,29.3704
500.00,27.5712
airflow(m/s),2.88
clocktime,569476

0.00,459.7142
62.50,280.5857
125.00,161.5585
187.50,147.5224
250.00,19.4646
312.50,73.1847
375.00,63.7998
437.50,16.1638
500.00,13.9943
airflow(m/s),5.45
clocktime,571591

0.00,1854.0944
62.50,936.4375
125.00,92.1429
187.50,12.2414
250.00,16.9010
312.50,57.0760
375.00,23.8914
437.50,33.7960
500.00,50.6601
airflow(m/s),2.69
clocktime,573759

0.00,1133.3642
62.50,691.1047
125.00,54.7483
187.50,107.6423
250.00,51.2231
312.50,128.0525
375.00,146.3960
437.50,96.4216
500.00,33.5029
airflow(m/s),7.64
clocktime,575875

0.00,3488.2183
62.50,1830.2992
125.00,201.2039
187.50,76.0286
250.00,55.5007
312.50,67.3415
375.00,73.3512
437.50,84.6638
500.00,76.6509
airflow(m/s),2.28
clocktime,577992

0.00,2660.6974
62.50,1384.1411
125.00,259.4404
187.50,170.6743
250.00,277.0931
312.50,515.0720
375.00,445.4675
437.50,332.0671
500.00,442.9480
airflow(m/s),2.12
clocktime,580161

0.00,806.7466
62.50,485.9312
125.00,204.7782
187.50,73.8471
250.00,81.0932
312.50,109.2822
375.00,112.5015
437.50,75.4890
500.00,75.0682
airflow(m/s),2.39
clocktime,582274

0.00,2002.4140
62.50,1173.6090
125.00,492.9291
187.50,229.7207
250.00,27.0418
312.50,40.0387
375.00,81.8080
437.50,79.1457
500.00,30.9251
airflow(m/s),3.90
clocktime,584386

0.00,1243.4983
62.50,910.7880
125.00,379.6541
187.50,103.5434
250.00,32.8751
312.50,8.1836
375.00,15.8603
437.50,27.4637
500.00,14.8781
airflow(m/s),2.07
clocktime,586550

0.00,1621.4950
62.50,637.4489
125.00,176.2004
187.50,61.1943
250.00,69.2220
312.50,43.9793
375.00,97.9974
437.50,18.8598
500.00,13.4487
airflow(m/s),2.12
clocktime,588661

0.00,2343.5728
62.50,1383.2373
125.00,387.9660
187.50,108.2658
250.00,18.3469
312.50,36.9976
375.00,60.6260
437.50,28.4583
500.00,31.1986
airflow(m/s),7.51
clocktime,590773

0.00,2197.7523
62.50,1054.2368
125.00,168.1152
187.50,132.6572
250.00,27.9135
312.50,23.0477
375.00,24.1778
437.50,35.0862
500.00,52.9461
airflow(m/s),2.23
clocktime,592937

0.00,1359.3887
62.50,817.2213
125.00,87.6082
187.50,79.4092
250.00,18.5881
312.50,24.2900
375.00,13.6408
437.50,22.0318
500.00,39.3676
airflow(m/s),3.22
clocktime,595050

0.00,316.5349
62.50,423.9842
125.00,47.4673
187.50,102.9826
250.00,87.1117
312.50,66.4855
375.00,47.7358
437.50,34.6474
500.00,31.4842
airflow(m/s),6.89
clocktime,597218

0.00,1674.5771
62.50,941.0441
125.00,283.3211
187.50,22.6632
250.00,121.6003
312.50,65.2529
375.00,30.1522
437.50,28.7900
500.00,31.8530
airflow(m/s),2.34
clocktime,599334

0.00,2988.0215
62.50,1166.9544
125.00,212.9557
187.50,97.4155
250.00,53.3381
312.50,45.4551
375.00,40.0060
437.50,30.0436
500.00,24.2301
airflow(m/s),6.19
clocktime,601450

0.00,4955.3309
62.50,2225.1943
125.00,91.5588
187.50,74.8827
250.00,21.5840
312.50,27.6688
375.00,25.2948
437.50,28.9483
500.00,35.1115
airflow(m/s),8.03
clocktime,603619

0.00,891.0045
62.50,316.2820
125.00,248.9800
187.50,128.2965
250.00,56.8999
312.50,8.0640
375.00,39.3676
437.50,12.7035
500.00,38.7198
airflow(m/s),6.89
clocktime,605735

0.00,325.3993
62.50,387.9582
125.00,291.8037
187.50,127.4390
250.00,49.0848
312.50,4.1899
375.00,10.7700
437.50,21.0510
500.00,32.5166
airflow(m/s),5.25
clocktime,607848

0.00,4442.6669
62.50,1955.0149
125.00,96.9041
187.50,106.7886
250.00,73.7627
312.50,56.4412
375.00,26.9767
437.50,29.5630
500.00,35.3220
airflow(m/s),2.88
clocktime,610014

0.00,2313.3276
62.50,874.2425
125.00,72.4461
187.50,205.6502
250.00,151.3121
312.50,27.5826
375.00,29.1986
437.50,39.7506
500.00,39.4500
airflow(m/s),3.08
clocktime,612123

0.00,766.2166
62.50,424.6614
125.00,261.1800
187.50,20.5255
250.00,47.9689
312.50,31.1383
375.00,44.4817
437.50,41.1397
500.00,43.1294
airflow(m/s),7.51
clocktime,614232

0.00,2817.8581
62.50,1141.3820
125.00,82.8202
187.50,112.9548
250.00,93.5416
312.50,51.5512
375.00,35.9659
437.50,19.3159
500.00,31.9421
airflow(m/s),2.28
clocktime,616397

0.00,1671.8449
62.50,1115.5533
125.00,231.3017
187.50,106.2267
250.00,61.4314
312.50,45.8920
375.00,46.4888
437.50,14.5326
500.00,49.5268
airflow(m/s),2.63
clocktime,618509

0.00,1316.1818
62.50,671.9374
125.00,97.8350
187.50,156.0797
250.00,55.7196
312.50,27.7624
375.00,20.0366
437.50,11.7003
500.00,23.3099
airflow(m/s),2.69
clocktime,620623

0.00,1812.1386
62.50,766.7448
125.00,148.4602
187.50,88.3006
250.00,36.6807
312.50,32.9983
375.00,15.1694
437.50,31.2159
500.00,33.5571
airflow(m/s),1.97
clocktime,622791

0.00,3457.7833
62.50,2316.1904
125.00,558.2629
187.50,28.7652
250.00,34.1414
312.50,52.2811
375.00,63.5580
437.50,19.4778
500.00,47.6134
airflow(m/s),5.05
clocktime,624907

0.00,9.6560
62.50,471.4616
125.00,134.0999
187.50,109.0631
250.00,110.3072
312.50,90.2068
375.00,29.0508
437.50,53.3955
500.00,48.3361
airflow(m/s),4.77
clocktime,627075

0.00,23.7561
62.50,284.1301
125.00,53.1447
187.50,96.8885
250.00,109.4231
312.50,17.3599
375.00,11.4891
437.50,69.9629
500.00,63.0601
airflow(m/s),5.65
clocktime,629191

0.00,305.9420
62.50,133.7249
125.00,364.9182
187.50,216.1362
250.00,205.1979
312.50,182.9164
375.00,70.1504
437.50,149.7460
500.00,112.8752
airflow(m/s),7.64
clocktime,631306

0.00,7059.9723
62.50,3293.4424
125.00,204.7676
187.50,168.9017
250.00,128.6296
312.50,84.2494
375.00,54.1138
437.50,25.8530
500.00,15.6659
airflow(m/s),5.25
clocktime,633469

0.00,3015.4966
62.50,1433.2755
125.00,174.6716
187.50,54.3341
250.00,85.6019
312.50,70.1762
375.00,8.5256
437.50,20.0872
500.00,17.5358
airflow(m/s),5.25
clocktime,635582

0.00,2291.9160
62.50,1386.1946
125.00,346.3763
187.50,171.5194
250.00,104.3216
312.50,30.3366
375.00,27.9649
437.50,17.7996
500.00,17.0003
airflow(m/s),4.77
clocktime,637694

0.00,3164.5487
62.50,1761.4320
125.00,252.0031
187.50,215.4910
250.00,176.0728
312.50,122.1491
375.00,59.3853
437.50,23.5462
500.00,34.7757
airflow(m/s),2.07
clocktime,639858

0.00,2852.3513
62.50,1476.8621
125.00,158.3673
187.50,93.5835
250.00,65.9295
312.50,11.6783
375.00,28.1118
437.50,8.3917
500.00,38.7805
airflow(m/s),5.15
clocktime,641970

0.00,1209.3324
62.50,719.1861
125.00,144.7162
187.50,73.9575
250.00,43.5115
312.50,31.3866
375.00,61.9444
437.50,49.4168
500.00,35.0387
airflow(m/s),5.45
clocktime,644082

0.00,1029.1568
62.50,657.5927
125.00,89.8237
187.50,207.3032
250.00,99.6745
312.50,43.7465
375.00,35.8879
437.50,37.2636
500.00,30.1136
airflow(m/s),1.68
clocktime,646248

0.00,1148.2762
62.50,901.9283
125.00,126.0109
187.50,122.8265
250.00,35.2468
312.50,42.4344
375.00,42.6736
437.50,13.5239
500.00,31.9739
airflow(m/s),2.23
clocktime,648365

0.00,1572.5604
62.50,684.0300
125.00,16.8765
187.50,103.7539
250.00,136.4799
312.50,40.2438
375.00,34.9307
437.50,21.2383
500.00,28.4903
airflow(m/s),1.35
clocktime,650534

0.00,1198.0699
62.50,579.7365
125.00,135.0740
187.50,143.5522
250.00,93.8734
312.50,39.0266
375.00,54.6956
437.50,29.8078
500.00,36.7057
airflow(m/s),5.35
clocktime,652650

0.00,102.6459
62.50,292.0202
125.00,55.0837
187.50,51.4152
250.00,185.4903
312.50,116.2077
375.00,25.3691
437.50,46.6899
500.00,43.0786
airflow(m/s),6.89
clocktime,654766

0.00,1844.0174
62.50,853.1379
125.00,140.1275
187.50,101.0501
250.00,14.3322
312.50,63.1730
375.00,29.7481
437.50,11.1632
500.00,23.8907
airflow(m/s),5.25
clocktime,656932

0.00,648.3199
62.50,247.4601
125.00,77.4112
187.50,222.5689
250.00,37.2675
312.50,35.1787
375.00,28.2619
437.50,38.1520
500.00,30.0724
airflow(m/s),3.66
clocktime,659044

0.00,1468.8950
62.50,1027.8334
125.00,170.4726
187.50,82.8870
250.00,68.5559
312.50,81.6438
375.00,45.9257
437.50,34.5532
500.00,23.9399
airflow(m/s),7.01
clocktime,661156

0.00,1362.1689
62.50,722.7292
125.00,342.3216
187.50,298.1147
250.00,152.1261
312.50,61.3840
375.00,48.8514
437.50,26.7887
500.00,36.6598
airflow(m/s),6.31
clocktime,663320

0.00,776.1857
62.50,1179.0234
125.00,282.3827
187.50,174.6734
250.00,64.6607
312.50,75.4640
375.00,35.0539
437.50,18.3258
500.00,47.8087
airflow(m/s),2.28
clocktime,665431

0.00,1129.4556
62.50,699.6410
125.00,189.7178
187.50,191.5409
250.00,171.6198
312.50,73.9127
375.00,43.6297
437.50,28.4843
500.00,21.6994
airflow(m/s),2.02
clocktime,667543

0.00,1524.6189
62.50,1031.1021
125.00,298.4801
187.50,62.0780
250.00,71.8474
312.50,40.4132
375.00,66.7112
437.50,55.0480
500.00,22.1102
airflow(m/s),2.07
clocktime,669712

0.00,978.9871
62.50,711.8984
125.00,342.0155
187.50,195.6823
250.00,90.2558
312.50,49.1835
375.00,35.9345
437.50,36.0888
500.00,41.1061
airflow(m/s),4.58
clocktime,671827

0.00,1538.3512
62.50,1234.2867
125.00,330.8611
187.50,107.9686
250.00,34.2733
312.50,41.4993
375.00,40.8174
437.50,23.3406
500.00,33.3119
airflow(m/s),5.35
clocktime,673995

0.00,647.5942
62.50,587.8583
125.00,94.1221
187.50,100.3427
250.00,31.1855
312.50,16.6262
375.00,19.5122
437.50,20.5613
500.00,30.5688
airflow(m/s),1.92
clocktime,676111

0.00,4635.7768
62.50,2113.0076
125.00,155.6513
187.50,28.9291
250.00,61.4917
312.50,51.6712
375.00,45.2641
437.50,10.1849
500.00,35.3183
airflow(m/s),3.66
clocktime,678636

0.00,14.5587
62.50,417.3594
125.00,379.9407
187.50,153.9338
250.00,63.4823
312.50,16.5188
375.00,44.8127
437.50,53.4129
500.00,37.6797
airflow(m/s),2.39
clocktime,680803

0.00,1801.0637
62.50,1018.7389
125.00,303.2125
187.50,97.2279
250.00,54.3767
312.50,71.5865
375.00,14.4814
437.50,36.5191
500.00,69.5961
airflow(m/s),6.42
clocktime,682914

0.00,591.4427
62.50,580.3864
125.00,17.9549
187.50,46.6911
250.00,24.4579
312.50,19.0181
375.00,38.1535
437.50,15.9757
500.00,26.0530
airflow(m/s),3.08
clocktime,685026

0.00,13.1585
62.50,78.5500
125.00,55.7683
187.50,75.8663
250.00,66.7721
312.50,13.1201
375.00,32.3544
437.50,29.2339
500.00,24.8190
airflow(m/s),3.15
clocktime,687190

0.00,2742.1055
62.50,1729.9231
125.00,409.2975
187.50,141.0174
250.00,122.5919
312.50,17.1767
375.00,39.2501
437.50,20.6784
500.00,16.2661
airflow(m/s),2.23
clocktime,689302

0.00,1512.0492
62.50,1188.1191
125.00,177.8207
187.50,64.4291
250.00,99.6036
312.50,84.3306
375.00,34.0378
437.50,20.4471
500.00,36.8549
airflow(m/s),1.60
clocktime,691414

0.00,607.2213
62.50,200.0655
125.00,401.5184
187.50,153.7607
250.00,364.7896
312.50,345.4160
375.00,48.9295
437.50,43.7550
500.00,38.1107
airflow(m/s),5.65
clocktime,693578

0.00,2351.8271
62.50,1311.1669
125.00,243.2472
187.50,238.1537
250.00,351.4024
312.50,150.9941
375.00,52.7374
437.50,44.8747
500.00,60.1687
airflow(m/s),1.39
clocktime,695692

0.00,764.1764
62.50,479.7879
125.00,260.9991
187.50,190.1534
250.00,142.2047
312.50,59.4350
375.00,31.0176
437.50,20.9496
500.00,29.1413
airflow(m/s),5.65
clocktime,697807

0.00,1285.0580
62.50,601.1281
125.00,87.6920
187.50,86.0421
250.00,43.9469
312.50,37.3878
375.00,52.6099
437.50,21.0043
500.00,8.4206
airflow(m/s),2.95
clocktime,699976

0.00,2384.3664
62.50,1303.9252
125.00,229.0320
187.50,52.3062
250.00,65.4778
312.50,15.3146
375.00,60.2339
437.50,35.0908
500.00,22.1703
airflow(m/s),4.49
clocktime,702093

0.00,292.5106
62.50,278.4900
125.00,144.4535
187.50,38.1616
250.00,25.1980
312.50,50.3015
375.00,43.9394
437.50,15.1068
500.00,36.4848
airflow(m/s),1.17
clocktime,704262

0.00,919.2361
62.50,667.7864
125.00,253.4689
187.50,60.9003
250.00,34.3098
312.50,56.8381
375.00,59.5578
437.50,12.3002
500.00,37.8260
airflow(m/s),5.15
clocktime,706375

0.00,1000.3653
62.50,729.7529
125.00,213.0798
187.50,129.3281
250.00,8.9626
312.50,13.1842
375.00,53.1568
437.50,25.9123
500.00,32.1700
airflow(m/s),4.41
clocktime,708486

0.00,2177.3190
62.50,1123.3916
125.00,196.3612
187.50,95.9655
250.00,95.5984
312.50,68.2814
375.00,47.0553
437.50,7.2976
500.00,19.4871
airflow(m/s),3.90
clocktime,710650

0.00,757.1954
62.50,437.6967
125.00,62.6084
187.50,36.8182
250.00,10.3759
312.50,21.1028
375.00,28.0591
437.50,37.5082
500.00,25.5451
airflow(m/s),3.90
clocktime,712762

0.00,1461.1922
62.50,292.8687
125.00,485.0870
187.50,137.5833
250.00,34.0573
312.50,51.5829
375.00,82.4609
437.50,53.6492
500.00,36.1981
airflow(m/s),2.17
clocktime,714874

0.00,539.1598
62.50,329.5523
125.00,113.6133
187.50,95.1636
250.00,69.9485
312.50,75.4981
375.00,40.0913
437.50,28.7516
500.00,39.4223
airflow(m/s),2.12
clocktime,717038

0.00,1855.9161
62.50,944.5939
125.00,54.4188
187.50,111.5818
250.00,137.1109
312.50,69.9792
375.00,48.3816
437.50,23.5557
500.00,28.5013
airflow(m/s),3.44
clocktime,719152