0.00,83924.4649
62.50,36400.8121
125.00,462.0121
187.50,275.1810
250.00,38.9416
312.50,14.7485
375.00,59.2028
437.50,15.3215
500.00,17.4988
airflow(m/s),8.44
clocktime,3328

0.00,7319.3204
62.50,3738.4548
125.00,384.3320
187.50,353.5115
250.00,268.7744
312.50,66.4330
375.00,20.0879
437.50,20.7424
500.00,66.8849
airflow(m/s),8.58
clocktime,5197

0.00,8928.2420
0.00,46539.8805
62.50,19949.0090
125.00,474.4095
187.50,310.9530
250.00,109.7000
312.50,111.3965
375.00,60.9612
437.50,68.5325
500.00,16.5938
airflow(m/s),nan
clocktime,2479

0.00,10360.7178
62.50,4569.1159
125.00,447.0019
187.50,47.5289
250.00,55.6927
312.50,69.3131
375.00,5.7941
437.50,28.5844
500.00,25.7297
airflow(m/s),nan
clocktime,4441

0.00,3656.4605
62.50,1375.1233
125.00,450.2699
187.50,296.7805
250.00,156.4295
312.50,149.7318
375.00,44.0164
437.50,68.1885
500.00,7.8367
airflow(m/s),nan
clocktime,6403

0.00,3184.1054
62.50,2029.5388
125.00,291.6432
187.50,201.1852
250.00,171.6834
312.50,247.0394
375.00,144.0212
437.50,27.2876
500.00,18.4151
airflow(m/s),nan
clocktime,8378

0.00,5788.9230
62.50,8054.4733
125.00,5221.8701
187.50,996.7430
250.00,462.1543
312.50,89.2726
375.00,160.0647
437.50,120.7619
500.00,182.9048
airflow(m/s),nan
clocktime,10341

0.00,5364.7848
62.50,2264.2401
125.00,73.5798
187.50,151.6295
250.00,88.2433
312.50,45.4348
375.00,27.6372
437.50,17.7305
500.00,49.7703
airflow(m/s),nan
clocktime,12303

0.00,6354.8630
62.50,3571.3798
125.00,370.7635
187.50,309.5359
250.00,191.9617
312.50,47.6122
375.00,16.8441
437.50,54.7308
500.00,35.9484
airflow(m/s),nan
clocktime,14320

0.00,1943.5648
62.50,2662.3263
125.00,581.6031
187.50,52.3863
250.00,86.3750
312.50,98.5717
375.00,84.1771
437.50,42.4898
500.00,69.6509
airflow(m/s),nan
clocktime,16281

0.00,7096.9244
62.50,3346.0283
125.00,289.4205
187.50,222.7902
250.00,133.2586
312.50,28.7846
375.00,60.6698
437.50,50.4677
500.00,50.9391
airflow(m/s),nan
clocktime,18243

0.00,2655.8596
62.50,2122.7652
125.00,371.3319
187.50,307.0481
250.00,18.7544
312.50,141.7985
375.00,48.2241
437.50,26.4377
500.00,45.5563
airflow(m/s),nan
clocktime,20257

0.00,4079.6646
62.50,2489.0741
125.00,412.8633
187.50,100.1900
250.00,157.8815
312.50,116.8531
375.00,89.5027
437.50,77.9555
500.00,58.8530
airflow(m/s),nan
clocktime,22220

0.00,4890.5402
62.50,2621.5552
125.00,425.7081
187.50,342.0823
250.00,571.7439
312.50,488.9151
375.00,73.0390
437.50,30.6355
500.00,103.3822
airflow(m/s),nan
clocktime,24233

0.00,13848.7118
62.50,6441.0111
125.00,214.4150
187.50,109.7836
250.00,297.6035
312.50,128.9523
375.00,15.7276
437.50,27.8919
500.00,7.8570
airflow(m/s),nan
clocktime,26194

0.00,1983.0447
62.50,443.9845
125.00,1054.2599
187.50,698.3863
250.00,349.4105
312.50,421.9982
375.00,366.1424
437.50,255.7224
500.00,230.1504
airflow(m/s),nan
clocktime,28157

0.00,10687.0713
62.50,5142.4449
125.00,513.3835
187.50,260.6010
250.00,205.0373
312.50,81.0185
375.00,88.1888
437.50,20.1565
500.00,27.3922
airflow(m/s),nan
clocktime,30170

0.00,4302.5382
62.50,2242.1227
125.00,313.2181
187.50,177.7691
250.00,174.3487
312.50,75.6273
375.00,57.5994
437.50,32.0259
500.00,23.5016
airflow(m/s),nan
clocktime,32151

0.00,9372.4417
62.50,4816.8027
125.00,379.3050
187.50,94.8464
250.00,81.9039
312.50,57.7868
375.00,111.2133
437.50,43.3673
500.00,18.3720
airflow(m/s),nan
clocktime,34114

0.00,24762.7016
62.50,9532.0977
125.00,1344.6327
187.50,778.6318
250.00,241.3436
312.50,170.4593
375.00,92.5514
437.50,21.0853
500.00,49.1010
airflow(m/s),nan
clocktime,36127

0.00,1849.6190
62.50,2362.9497
125.00,1556.2066
187.50,575.6199
250.00,247.4859
312.50,41.3833
375.00,102.3924
437.50,20.1004
500.00,37.7491
airflow(m/s),nan
clocktime,38089

0.00,188.5783
62.50,2831.7188
125.00,1127.4445
187.50,177.7525
250.00,60.4047
312.50,30.8227
375.00,50.5488
437.50,53.5822
500.00,48.3580
airflow(m/s),nan
clocktime,40050

0.00,5507.9397
62.50,2923.3056
125.00,390.9348
187.50,228.8010
250.00,267.6688
312.50,117.3535
375.00,61.2824
437.50,44.6034
500.00,14.3179
airflow(m/s),nan
clocktime,42063

0.00,2206.9779
62.50,1099.0028
125.00,321.0412
187.50,90.4640
250.00,104.4741
312.50,29.5475
375.00,80.4502
437.50,78.6966
500.00,35.3521
airflow(m/s),nan
clocktime,44026

0.00,11044.5992
62.50,4950.9312
125.00,549.0501
187.50,221.6616
250.00,260.1108
312.50,165.7944
375.00,32.5646
437.50,65.3999
500.00,27.3890
airflow(m/s),nan
clocktime,46040

0.00,17450.8028
62.50,9717.0845
125.00,1245.0469
187.50,358.9689
250.00,250.1412
312.50,55.4248
375.00,41.3342
437.50,88.7185
500.00,37.6432
airflow(m/s),nan
clocktime,48002

0.00,6418.7354
62.50,3304.8402
125.00,258.4240
187.50,118.8491
250.00,235.4108
312.50,209.2002
375.00,48.9429
437.50,74.1138
500.00,9.5133
airflow(m/s),nan
clocktime,49964

0.00,16330.1299
62.50,5090.8050
125.00,2959.5331
187.50,815.6951
250.00,326.1249
312.50,212.4014
375.00,100.6848
437.50,51.7738
500.00,18.9565
airflow(m/s),nan
clocktime,51978

0.00,995.4621
62.50,285.8253
125.00,108.5913
187.50,333.2675
250.00,128.6939
312.50,82.0790
375.00,69.9386
437.50,40.9616
500.00,32.0038
airflow(m/s),nan
clocktime,53940

0.00,5747.4062
62.50,2578.9848
125.00,125.8349
187.50,193.3446
250.00,158.2624
312.50,126.3097
375.00,16.7144
437.50,49.7236
500.00,24.9961
airflow(m/s),nan
clocktime,55903

0.00,16685.3277
62.50,8586.9762
125.00,717.6530
187.50,255.8978
250.00,279.3151
312.50,239.7485
375.00,113.0031
437.50,65.8135
500.00,28.7590
airflow(m/s),nan
clocktime,57917

0.00,9014.2852
62.50,3975.8732
125.00,523.2216
187.50,255.8256
250.00,160.6092
312.50,203.3405
375.00,62.5829
437.50,96.2664
500.00,112.2596
airflow(m/s),nan
clocktime,59879

0.00,3112.9734
62.50,3360.3683
125.00,352.3577
187.50,404.9657
250.00,252.1906
312.50,211.5579
375.00,51.5869
437.50,84.6194
500.00,86.0265
airflow(m/s),nan
clocktime,61841

0.00,6547.3512
62.50,2930.3206
125.00,236.3788
187.50,161.8631
250.00,74.4381
312.50,103.4831
375.00,31.6855
437.50,44.3982
500.00,35.6988
airflow(m/s),nan
clocktime,63908

0.00,582.9361
62.50,2273.1431
125.00,1023.9406
187.50,522.7945
250.00,220.0551
312.50,120.4111
375.00,32.2303
437.50,33.5656
500.00,9.9905
airflow(m/s),nan
clocktime,65871

0.00,20000.5311
62.50,9554.4339
125.00,1897.3984
187.50,366.7675
250.00,104.5986
312.50,59.5136
375.00,20.2233
437.50,29.4265
500.00,51.8953
airflow(m/s),nan
clocktime,67897

0.00,13765.0951
62.50,8109.3239
125.00,668.4787
187.50,36.8893
250.00,192.0972
312.50,113.7671
375.00,114.1365
437.50,77.6257
500.00,50.3156
airflow(m/s),nan
clocktime,69980

0.00,936.1462
62.50,1380.7625
125.00,289.5605
187.50,225.1881
250.00,235.0893
312.50,56.1471
375.00,23.7946
437.50,36.7954
500.00,67.7835
airflow(m/s),nan
clocktime,72062

0.00,8740.1733
62.50,4323.6262
125.00,416.8761
187.50,330.0004
250.00,68.6301
312.50,117.4868
375.00,139.1252
437.50,34.3509
500.00,105.5252
airflow(m/s),nan
clocktime,74195

0.00,3481.4170
62.50,2038.3196
125.00,491.8602
187.50,123.4242
250.00,126.6452
312.50,179.6041
375.00,78.9878
437.50,42.7656
500.00,46.2517
airflow(m/s),nan
clocktime,76276

0.00,332.1654
62.50,1996.7075
125.00,374.1171
187.50,97.8475
250.00,153.0930
312.50,95.7010
375.00,71.8290
437.50,68.8191
500.00,19.9477
airflow(m/s),nan
clocktime,78360

0.00,5627.3141
62.50,1903.1944
125.00,149.0952
187.50,575.2600
250.00,176.4178
312.50,130.4477
375.00,88.2135
437.50,55.3619
500.00,49.8696
airflow(m/s),nan
clocktime,80455

0.00,1092.6924
62.50,2180.4480
125.00,869.4929
187.50,247.7554
250.00,214.9208
312.50,64.9531
375.00,37.7259
437.50,97.2155
500.00,51.5999
airflow(m/s),nan
clocktime,82538

0.00,4599.6810
62.50,2562.5296
125.00,106.3033
187.50,248.3849
250.00,168.7756
312.50,99.4989
375.00,99.9815
437.50,24.6477
500.00,38.1802
airflow(m/s),nan
clocktime,84621

0.00,1147.7770
62.50,2161.4079
125.00,511.1150
187.50,188.5978
250.00,110.9381
312.50,80.4208
375.00,45.1868
437.50,39.4330
500.00,51.8067
airflow(m/s),nan
clocktime,86754

0.00,8623.8992
62.50,5699.4608
125.00,1415.5464
187.50,440.1795
250.00,187.0658
312.50,235.5759
375.00,82.6352
437.50,16.7019
500.00,30.7394
airflow(m/s),nan
clocktime,88837

0.00,10197.4262
62.50,4706.4981
125.00,193.4325
187.50,163.1261
250.00,313.6818
312.50,131.9814
375.00,72.8687
437.50,30.1024
500.00,79.4734
airflow(m/s),nan
clocktime,90971

0.00,7295.2190
62.50,3438.9377
125.00,310.4568
187.50,153.2483
250.00,69.3326
312.50,95.7317
375.00,40.0359
437.50,7.4091
500.00,32.1030
airflow(m/s),nan
clocktime,93052

0.00,1795.8213
62.50,1370.1038
125.00,507.2455
187.50,126.8685
250.00,108.8493
312.50,72.2342
375.00,41.4021
437.50,38.0057
500.00,15.8249
airflow(m/s),nan
clocktime,95135

0.00,3957.1748
62.50,2504.5461
125.00,559.5078
187.50,171.4173
250.00,87.3463
312.50,68.3322
375.00,54.7574
437.50,38.6039
500.00,30.1292
airflow(m/s),nan
clocktime,97268

0.00,6404.5603
62.50,3240.4539
125.00,514.6127
187.50,278.8011
250.00,205.4463
312.50,35.1882
375.00,46.5108
437.50,4.4458
500.00,47.2507
airflow(m/s),nan
clocktime,99351

0.00,3215.1914
62.50,2299.2887
125.00,1199.4521
187.50,272.9192
250.00,130.6936
312.50,66.2059
375.00,43.0829
437.50,55.9205
500.00,52.5934
airflow(m/s),nan
clocktime,101433

0.00,1385.2013
62.50,1396.2388
125.00,415.2408
187.50,89.0121
250.00,106.0565
312.50,76.3558
375.00,40.1291
437.50,49.0038
500.00,36.3546
airflow(m/s),nan
clocktime,103567

0.00,3433.0601
62.50,1700.6524
125.00,700.7702
187.50,112.1447
250.00,227.3201
312.50,108.8404
375.00,48.0630
437.50,13.5428
500.00,52.0691
airflow(m/s),nan
clocktime,105650

0.00,2795.2079
62.50,2412.3734
125.00,142.6541
187.50,395.7300
250.00,227.5297
312.50,61.7243
375.00,99.8091
437.50,28.3279
500.00,35.4837
airflow(m/s),nan
clocktime,107733

0.00,6738.5680
62.50,3493.8970
125.00,472.4283
187.50,109.8843
250.00,117.8902
312.50,23.3108
375.00,75.2602
437.50,27.0088
500.00,20.2585
airflow(m/s),nan
clocktime,109867

0.00,380.0118
62.50,191.0771
125.00,304.2646
187.50,135.8645
250.00,54.2739
312.50,53.1610
375.00,124.0516
437.50,36.0229
500.00,13.1735
airflow(m/s),nan
clocktime,111949

0.00,4506.3849
62.50,1412.5810
125.00,314.4499
187.50,52.5134
250.00,130.4524
312.50,60.9908
375.00,4.3046
437.50,20.9439
500.00,33.2601
airflow(m/s),nan
clocktime,114083

0.00,7703.1007
62.50,5615.9276
125.00,1064.2042
187.50,474.6938
250.00,268.7627
312.50,216.9296
375.00,79.3922
437.50,72.8185
500.00,78.8027
airflow(m/s),nan
clocktime,116167

0.00,7300.0983
62.50,3192.7753
125.00,1209.3102
187.50,200.1400
250.00,142.4379
312.50,32.9490
375.00,60.7228
437.50,63.8113
500.00,28.9939
airflow(m/s),nan
clocktime,118249

0.00,11427.6513
62.50,5141.8025
125.00,257.5878
187.50,83.5718
250.00,150.5621
312.50,96.4971
375.00,46.3384
437.50,47.0448
500.00,23.8889
airflow(m/s),nan
clocktime,120382

0.00,8387.3023
62.50,4187.3487
125.00,362.5915
187.50,71.5422
250.00,218.1579
312.50,163.1044
375.00,55.7994
437.50,9.6110
500.00,15.3389
airflow(m/s),nan
clocktime,122465

0.00,5780.1326
62.50,2372.6226
125.00,331.3460
187.50,288.8971
250.00,23.8323
312.50,92.7560
375.00,69.0089
437.50,11.8132
500.00,24.1427
airflow(m/s),nan
clocktime,124548

0.00,2033.2995
62.50,2770.2669
125.00,619.0828
187.50,225.2119
250.00,50.0957
312.50,174.5480
375.00,19.7141
437.50,64.8571
500.00,20.2448
airflow(m/s),nan
clocktime,126686

0.00,6418.3637
62.50,3063.6303
125.00,591.5570
187.50,251.0073
250.00,130.6351
312.50,158.2480
375.00,110.0397
437.50,62.8009
500.00,13.7815
airflow(m/s),nan
clocktime,128768

0.00,10324.9734
62.50,4382.7309
125.00,286.5318
187.50,81.7644
250.00,110.8697
312.50,21.0529
375.00,47.2622
437.50,14.2830
500.00,38.6327
airflow(m/s),nan
clocktime,130851

0.00,9413.8001
62.50,4525.8416
125.00,960.5397
187.50,183.2505
250.00,88.6798
312.50,72.0673
375.00,18.8601
437.50,12.9555
500.00,25.6712
airflow(m/s),nan
clocktime,132985

0.00,7183.9087
62.50,3131.6228
125.00,156.6600
187.50,99.4239
250.00,128.5855
312.50,86.3686
375.00,112.2643
437.50,51.8023
500.00,33.3142
airflow(m/s),nan
clocktime,135067

0.00,5430.1318
62.50,2905.9725
125.00,629.2279
187.50,228.3320
250.00,140.7841
312.50,91.9633
375.00,39.9679
437.50,59.5317
500.00,13.4712
airflow(m/s),nan
clocktime,137201

0.00,3495.7210
62.50,2732.2665
125.00,179.5435
187.50,106.1619
250.00,193.2422
312.50,71.0110
375.00,175.3360
437.50,25.6144
500.00,69.6771
airflow(m/s),nan
clocktime,139284

0.00,14066.3859
62.50,6044.3587
125.00,290.5988
187.50,161.2543
250.00,209.8469
312.50,90.7383
375.00,30.9203
437.50,28.7674
500.00,15.3763
airflow(m/s),nan
clocktime,141367

0.00,1965.5556
62.50,1151.5220
125.00,259.6166
187.50,152.6252
250.00,103.3381
312.50,91.2900
375.00,41.9302
437.50,47.1961
500.00,11.1503
airflow(m/s),nan
clocktime,143501

0.00,9937.0552
62.50,4662.6069
125.00,155.4102
187.50,136.2783
250.00,33.2523
312.50,34.8590
375.00,58.9690
437.50,24.3675
500.00,42.3371
airflow(m/s),nan
clocktime,145584

0.00,397.2578
62.50,688.9654
125.00,652.6238
187.50,112.0359
250.00,106.0612
312.50,74.3096
375.00,83.5213
437.50,55.4930
500.00,36.0041
airflow(m/s),nan
clocktime,147667

0.00,6135.2426
62.50,5436.6604
125.00,1748.9505
187.50,79.5611
250.00,25.4524
312.50,35.6413
375.00,60.4301
437.50,30.0119
500.00,18.3903
airflow(m/s),nan
clocktime,149763

0.00,513.7654
62.50,32.9267
125.00,291.4442
187.50,46.5538
250.00,232.0553
312.50,105.1704
375.00,88.2737
437.50,21.0657
500.00,25.0572
airflow(m/s),nan
clocktime,151846

0.00,3986.1182
62.50,2761.7952
125.00,588.4217
187.50,208.2611
250.00,113.3035
312.50,141.5823
375.00,45.6666
437.50,34.6746
500.00,43.2267
airflow(m/s),nan
clocktime,153929

0.00,8427.7373
62.50,3053.7010
125.00,752.6669
187.50,246.2941
250.00,102.5716
312.50,46.2305
375.00,45.2559
437.50,40.0604
500.00,39.4624
airflow(m/s),nan
clocktime,156062

0.00,6060.9977
62.50,2751.4654
125.00,240.1721
187.50,309.6046
250.00,134.8755
312.50,67.9573
375.00,68.8119
437.50,40.0174
500.00,44.5268
airflow(m/s),nan
clocktime,158145

0.00,728.6452
62.50,5514.7304
125.00,970.1170
187.50,51.2247
250.00,171.4657
312.50,92.0131
375.00,95.1278
437.50,134.9062
500.00,91.3419
airflow(m/s),nan
clocktime,160278

0.00,3493.5752
62.50,1712.2414
125.00,211.9529
187.50,138.3947
250.00,35.2910
312.50,156.7227
375.00,106.6452
437.50,63.3034
500.00,49.4665
airflow(m/s),nan
clocktime,162361

0.00,7815.8436
62.50,3614.2792
125.00,398.4082
187.50,193.9743
250.00,72.9015
312.50,56.0800
375.00,51.1081
437.50,55.7258
500.00,27.4865
airflow(m/s),nan
clocktime,164443

0.00,16660.5117
62.50,8452.5939
125.00,651.0033
187.50,101.8405
250.00,81.6132
312.50,189.4946
375.00,53.1025
437.50,10.9956
500.00,42.2008
airflow(m/s),nan
clocktime,166915

0.00,10587.2151
62.50,6569.4173
125.00,1269.2034
187.50,570.1405
250.00,316.6916
312.50,59.1574
375.00,105.7449
437.50,41.8899
500.00,63.5523
airflow(m/s),nan
clocktime,168998

0.00,3112.9826
62.50,1267.3666
125.00,412.6832
187.50,157.0626
250.00,64.9188
312.50,208.5648
375.00,95.4223
437.50,26.2587
500.00,40.6757
airflow(m/s),nan
clocktime,171081

0.00,1158.1090
62.50,702.1268
125.00,189.4900
187.50,226.3298
250.00,109.4239
312.50,79.7138
375.00,34.3975
437.50,40.9069
500.00,62.3352
airflow(m/s),nan
clocktime,173215

0.00,4871.5092
62.50,3343.0440
125.00,718.2839
187.50,11.7145
250.00,84.3385
312.50,113.4362
375.00,53.0472
437.50,40.0044
500.00,5.8311
airflow(m/s),nan
clocktime,175298

0.00,9186.4931
62.50,4202.4200
125.00,21.0661
187.50,32.2929
250.00,42.3785
312.50,30.3949
375.00,85.7226
437.50,43.1881
500.00,27.5385
airflow(m/s),nan
clocktime,177380

0.00,2816.1225
62.50,1444.7301
125.00,153.7975
187.50,58.8010
250.00,59.5827
312.50,29.4342
375.00,78.5711
437.50,22.3186
500.00,22.4141
airflow(m/s),nan
clocktime,179514

0.00,3148.8582
62.50,2002.7486
125.00,492.6717
187.50,223.9755
250.00,81.7606
312.50,55.6277
375.00,41.0519
437.50,49.6524
500.00,8.6499
airflow(m/s),nan
clocktime,181596

0.00,8935.3549
62.50,4189.7550
125.00,1129.6285
187.50,654.8933
250.00,231.1309
312.50,154.4087
375.00,64.4324
437.50,57.3668
500.00,41.1963
airflow(m/s),nan
clocktime,183679

0.00,2789.1332
62.50,1335.4320
125.00,52.2420
187.50,124.1883
250.00,122.0368
312.50,42.0740
375.00,82.5317
437.50,31.6171
500.00,21.7748
airflow(m/s),nan
clocktime,185813

0.00,1830.6196
62.50,3331.9370
125.00,2110.8818
187.50,108.5812
250.00,101.5127
312.50,104.7409
375.00,43.5828
437.50,146.4314
500.00,158.2995
airflow(m/s),nan
clocktime,187896

0.00,3488.4901
62.50,1421.7777
125.00,1075.3842
187.50,194.3918
250.00,33.1883
312.50,48.9023
375.00,74.2828
437.50,6.3800
500.00,16.5806
airflow(m/s),nan
clocktime,190030

0.00,12263.8043
62.50,5462.5666
125.00,227.3334
187.50,90.4541
250.00,160.9518
312.50,30.2586
375.00,32.2282
437.50,13.4264
500.00,9.4795
airflow(m/s),nan
clocktime,192113

0.00,2594.2178
62.50,1247.4774
125.00,205.9658
187.50,155.0381
250.00,189.5785
312.50,44.9521
375.00,53.1007
437.50,16.2363
500.00,19.1291
airflow(m/s),nan
clocktime,194196

0.00,1318.5526
62.50,1972.1577
125.00,364.8570
187.50,43.7877
250.00,129.8231
312.50,64.8264
375.00,88.0722
437.50,36.7184
500.00,50.3023
airflow(m/s),nan
clocktime,196329

0.00,2042.9677
62.50,3054.6743
125.00,731.1871
187.50,280.6053
250.00,32.0052
312.50,195.7093
375.00,31.2612
437.50,67.3022
500.00,58.1049
airflow(m/s),nan
clocktime,198413

0.00,8048.9133
62.50,4437.1798
125.00,605.7452
187.50,238.7832
250.00,249.9755
312.50,77.0240
375.00,72.5734
437.50,38.7403
500.00,50.8746
airflow(m/s),nan
clocktime,200495

0.00,644.3222
62.50,1598.2928
125.00,307.5511
187.50,288.1969
250.00,172.9967
312.50,236.7107
375.00,61.3219
437.50,31.6219
500.00,52.7333
airflow(m/s),nan
clocktime,202628

0.00,3151.1021
62.50,1110.2474
125.00,1273.1114
187.50,173.8322
250.00,208.8092
312.50,76.3651
375.00,49.0603
437.50,66.4752
500.00,60.1968
airflow(m/s),nan
clocktime,204711

0.00,6965.9904
62.50,2946.6811
125.00,389.9602
187.50,185.7573
250.00,72.8721
312.50,79.1349
375.00,29.0319
437.50,37.5817
500.00,23.7984
airflow(m/s),nan
clocktime,206794

0.00,6441.2871
62.50,2427.2719
125.00,545.5087
187.50,274.1166
250.00,53.7817
312.50,47.9329
375.00,65.4970
437.50,18.9351
500.00,4.0954
airflow(m/s),nan
clocktime,208928

0.00,2920.0444
62.50,1116.4279
125.00,305.3057
187.50,182.4447
250.00,89.8082
312.50,72.5603
375.00,36.0472
437.50,30.6438
500.00,13.4462
airflow(m/s),nan
clocktime,211012

0.00,2709.2942
62.50,2071.0368
125.00,425.5140
187.50,59.4337
250.00,18.7487
312.50,92.6182
375.00,27.9387
437.50,20.9946
500.00,47.5810
airflow(m/s),nan
clocktime,213107

0.00,3703.5627
62.50,2406.6283
125.00,250.4844
187.50,321.7614
250.00,89.3870
312.50,153.6972
375.00,66.9829
437.50,45.3024
500.00,12.6528
airflow(m/s),nan
clocktime,215190

0.00,4588.1053
62.50,2106.3729
125.00,251.0201
187.50,146.5416
250.00,180.2667
312.50,55.0875
375.00,36.8484
437.50,19.3942
500.00,43.8813
airflow(m/s),nan
clocktime,217273

0.00,10219.0335
62.50,4302.3586
125.00,748.8708
187.50,121.4512
250.00,225.4718
312.50,93.9887
375.00,85.5290
437.50,15.7771
500.00,86.6634
airflow(m/s),nan
clocktime,219407

0.00,2874.4164
62.50,1604.0147
125.00,95.2232
187.50,156.0749
250.00,85.6925
312.50,46.0230
375.00,90.2975
437.50,23.3457
500.00,23.7543
airflow(m/s),nan
clocktime,221490

0.00,7090.9031
62.50,3745.0919
125.00,603.7165
187.50,139.5836
250.00,135.8381
312.50,93.8351
375.00,43.8511
437.50,13.6706
500.00,48.9425
airflow(m/s),nan
clocktime,223574

0.00,3033.2885
62.50,4004.6742
125.00,712.8466
187.50,60.7322
250.00,235.6331
312.50,20.0102
375.00,135.9257
437.50,43.5616
500.00,94.5542
airflow(m/s),nan
clocktime,225711

0.00,5510.4734
62.50,1951.7232
125.00,339.1043
187.50,187.2212
250.00,79.7425
312.50,36.3556
375.00,29.0776
437.50,15.2043
500.00,14.3319
airflow(m/s),nan
clocktime,227793

0.00,7341.2941
62.50,3806.5232
125.00,405.5227
187.50,245.2921
250.00,191.3097
312.50,160.7931
375.00,150.4443
437.50,29.5693
500.00,24.8025
airflow(m/s),nan
clocktime,229876

0.00,988.2203
62.50,2049.1185
125.00,1365.4823
187.50,881.1705
250.00,630.4276
312.50,557.9790
375.00,519.8756
437.50,447.8408
500.00,353.6320
airflow(m/s),nan
clocktime,232010

0.00,15337.9912
62.50,8892.5080
125.00,1572.4846
187.50,260.3233
250.00,246.7233
312.50,117.3292
375.00,98.9855
437.50,42.9373
500.00,13.1552
airflow(m/s),nan
clocktime,234093

0.00,2910.1820
62.50,1771.7077
125.00,473.8352
187.50,123.8448
250.00,76.2685
312.50,164.4391
375.00,116.1467
437.50,23.2210
500.00,32.0017
airflow(m/s),nan
clocktime,236228

0.00,1285.1143
62.50,1169.9002
125.00,503.8369
187.50,29.3674
250.00,95.9252
312.50,100.4056
375.00,90.5638
437.50,100.8288
500.00,44.8478
airflow(m/s),nan
clocktime,238310

0.00,2500.6172
62.50,3971.4416
125.00,788.4512
187.50,280.7552
250.00,244.1519
312.50,40.6445
375.00,67.1822
437.50,47.7228
500.00,66.3544
airflow(m/s),nan
clocktime,240392

0.00,2606.0752
62.50,2011.3245
125.00,655.0666
187.50,263.4652
250.00,69.3758
312.50,88.7936
375.00,105.9919
437.50,5.6011
500.00,41.3845
airflow(m/s),nan
clocktime,242526

0.00,2048.4001
62.50,1792.8754
125.00,268.0834
187.50,107.4600
250.00,105.0898
312.50,16.1288
375.00,96.7429
437.50,55.1769
500.00,25.4073
airflow(m/s),nan
clocktime,244609

0.00,2903.7358
62.50,1478.7852
125.00,135.4476
187.50,191.3375
250.00,201.3687
312.50,175.9789
375.00,57.3436
437.50,41.1475
500.00,24.3480
airflow(m/s),nan
clocktime,246692

0.00,5549.2662
62.50,3469.8029
125.00,825.1430
187.50,91.8216
250.00,216.9616
312.50,29.4042
375.00,53.7971
437.50,72.1163
500.00,53.8489
airflow(m/s),nan
clocktime,248825

0.00,5311.5501
62.50,3297.6907
125.00,627.4881
187.50,98.7434
250.00,92.7639
312.50,140.0942
375.00,85.3232
437.50,47.6662
500.00,44.2509
airflow(m/s),nan
clocktime,250908

0.00,1526.3966
62.50,1908.5636
125.00,429.9064
187.50,181.7834
250.00,132.3658
312.50,139.0047
375.00,47.2113
437.50,48.5614
500.00,38.4089
airflow(m/s),nan
clocktime,252991

0.00,1049.4267
62.50,239.8480
125.00,394.1432
187.50,64.3863
250.00,109.6019
312.50,149.6030
375.00,102.8131
437.50,45.7008
500.00,29.6580
airflow(m/s),nan
clocktime,255125

0.00,742.7032
62.50,1302.2680
125.00,183.7987
187.50,94.4717
250.00,107.1689
312.50,63.6749
375.00,33.0370
437.50,87.0353
500.00,11.6970
airflow(m/s),nan
clocktime,257208

0.00,6151.5855
62.50,2246.7676
125.00,495.8239
187.50,156.5351
250.00,69.2135
312.50,73.7714
375.00,31.7883
437.50,34.0294
500.00,14.8972
airflow(m/s),nan
clocktime,259305

0.00,5209.2993
62.50,2277.9294
125.00,795.2517
187.50,48.6836
250.00,242.1442
312.50,119.9803
375.00,71.5623
437.50,20.4700
500.00,23.4325
airflow(m/s),nan
clocktime,261388

0.00,3945.3111
62.50,2017.9160
125.00,312.9167
187.50,77.8327
250.00,40.4888
312.50,26.2464
375.00,36.5766
437.50,37.0814
500.00,32.4058
airflow(m/s),nan
clocktime,263471

0.00,1806.9868
62.50,1168.2551
125.00,383.5169
187.50,52.5427
250.00,153.2803
312.50,64.7158
375.00,36.5739
437.50,141.1881
500.00,315.8201
airflow(m/s),nan
clocktime,265606

0.00,787.5878
62.50,348.5432
125.00,102.4702
187.50,190.9223
250.00,106.2162
312.50,35.6905
375.00,23.0058
437.50,13.4654
500.00,19.1040
airflow(m/s),nan
clocktime,267688

0.00,6430.5971
62.50,3957.3364
125.00,195.2718
187.50,504.3441
250.00,316.2104
312.50,97.2895
375.00,84.3749
437.50,118.7792
500.00,44.6350
airflow(m/s),nan
clocktime,269771

0.00,1958.1886
62.50,916.6009
125.00,481.3797
187.50,203.4373
250.00,119.4894
312.50,116.3274
375.00,72.6872
437.50,52.4669
500.00,6.9783
airflow(m/s),nan
clocktime,271906

0.00,3686.4911
62.50,1814.9584
125.00,238.4936
187.50,139.7769
250.00,85.9670
312.50,85.5958
375.00,57.6950
437.50,26.0389
500.00,20.9923
airflow(m/s),nan
clocktime,273989

0.00,6111.5890
62.50,4850.3331
125.00,1870.8133
187.50,433.5087
250.00,170.5882
312.50,77.6417
375.00,47.7177
437.50,9.1464
500.00,21.4451
airflow(m/s),nan
clocktime,276072

0.00,486.7090
62.50,863.9141
125.00,293.2242
187.50,120.9281
250.00,123.3171
312.50,63.0428
375.00,4.8625
437.50,16.4252
500.00,16.9801
airflow(m/s),nan
clocktime,278205

0.00,3022.5186
62.50,2549.2755
125.00,712.9998
187.50,62.6115
250.00,147.9026
312.50,64.4222
375.00,74.4602
437.50,6.6974
500.00,26.1386
airflow(m/s),nan
clocktime,280288

0.00,6707.2756
62.50,3024.4133
125.00,556.6872
187.50,115.3640
250.00,168.9359
312.50,137.3367
375.00,40.8151
437.50,26.9839
500.00,60.2219
airflow(m/s),nan
clocktime,282426

0.00,2001.9605
62.50,1025.0427
125.00,339.5218
187.50,283.2350
250.00,110.0706
312.50,133.3656
375.00,71.0775
437.50,11.4146
500.00,23.1792
airflow(m/s),nan
clocktime,284508

0.00,6895.6405
62.50,3891.2453
125.00,697.9824
187.50,47.0649
250.00,152.0456
312.50,137.1183
375.00,112.4557
437.50,53.7120
500.00,34.3898
airflow(m/s),nan
clocktime,286591

0.00,907.6413
62.50,978.8309
125.00,256.6906
187.50,144.1328
250.00,16.1490
312.50,99.8094
375.00,23.8540
437.50,24.9746
500.00,18.3111
airflow(m/s),nan
clocktime,288725

0.00,2242.9625
62.50,1005.9359
125.00,139.5884
187.50,85.8527
250.00,79.1834
312.50,114.0964
375.00,21.7856
437.50,13.2267
500.00,20.8293
airflow(m/s),nan
clocktime,290809

0.00,3047.4463
62.50,964.0307
125.00,184.5402
187.50,246.8101
250.00,201.2186
312.50,219.7863
375.00,250.3117
437.50,157.7033
500.00,25.6548
airflow(m/s),nan
clocktime,292891

0.00,7039.4039
62.50,3213.6247
125.00,337.4216
187.50,118.4769
250.00,52.4928
312.50,100.2315
375.00,61.2892
437.50,94.3467
500.00,7.9313
airflow(m/s),nan
clocktime,294988

0.00,1485.5199
62.50,1360.2182
125.00,112.6854
187.50,203.2190
250.00,183.0399
312.50,155.2171
375.00,80.6235
437.50,64.1972
500.00,108.7495
airflow(m/s),nan
clocktime,297071

0.00,1057.6463
62.50,134.7077
125.00,353.8051
187.50,391.5067
250.00,283.8858
312.50,102.1762
375.00,50.4222
437.50,54.0831
500.00,103.8905
airflow(m/s),nan
clocktime,299154

0.00,763.4999
62.50,822.5597
125.00,171.1808
187.50,306.9379
250.00,331.0877
312.50,211.5691
375.00,32.0413
437.50,52.5465
500.00,15.7784
airflow(m/s),nan
clocktime,301288

0.00,12844.4067
62.50,8622.4921
125.00,1653.2092
187.50,467.6629
250.00,210.8053
312.50,219.6087
375.00,87.9488
437.50,68.8623
500.00,97.9003
airflow(m/s),nan
clocktime,303371

0.00,8664.0291
62.50,4452.8720
125.00,849.6982
187.50,622.5057
250.00,322.8839
312.50,98.3758
375.00,75.7822
437.50,65.1582
500.00,50.1938
airflow(m/s),nan
clocktime,305506

0.00,1051.5145
62.50,2068.6134
125.00,393.0778
187.50,91.4045
250.00,232.2634
312.50,176.9218
375.00,115.3791
437.50,35.6419
500.00,74.0525
airflow(m/s),nan
clocktime,307589

0.00,3135.5657
62.50,2020.8103
125.00,684.1383
187.50,307.4928
250.00,294.8929
312.50,161.6715
375.00,61.2252
437.50,115.3044
500.00,24.3532
airflow(m/s),nan
clocktime,309671

0.00,428.9293
62.50,1350.7722
125.00,184.8395
187.50,73.4678
250.00,140.4743
312.50,236.3283
375.00,212.6974
437.50,95.4282
500.00,76.2667
airflow(m/s),nan
clocktime,311805

0.00,7049.8796
62.50,4282.9055
125.00,658.7031
187.50,209.6585
250.00,236.1310
312.50,111.1741
375.00,51.5532
437.50,31.6118
500.00,11.4355
airflow(m/s),nan
clocktime,313888

0.00,5514.4256
62.50,2975.0509
125.00,291.0707
187.50,135.5900
250.00,138.3103
312.50,115.0171
375.00,87.1969
437.50,21.9494
500.00,39.3716
airflow(m/s),nan
clocktime,315972

0.00,9190.0287
62.50,4100.1727
125.00,131.6297
187.50,50.7714
250.00,168.8956
312.50,154.3501
375.00,71.9364
437.50,61.1922
500.00,15.7681
airflow(m/s),nan
clocktime,318105

0.00,23178.9643
62.50,14971.5969
125.00,7270.8707
187.50,1188.2447
250.00,447.0750
312.50,294.3369
375.00,112.6269
437.50,94.1256
500.00,49.9238
airflow(m/s),nan
clocktime,320189

0.00,6339.5776
62.50,3602.7584
125.00,645.3095
187.50,156.3610
250.00,70.9052
312.50,82.3097
375.00,83.4244
437.50,59.1674
500.00,35.3693
airflow(m/s),nan
clocktime,322273

0.00,2872.4490
62.50,1989.1782
125.00,116.9902
187.50,105.0704
250.00,94.0070
312.50,74.2812
375.00,21.5297
437.50,60.7308
500.00,31.7095
airflow(m/s),nan
clocktime,324407

0.00,7402.6303
62.50,3172.9839
125.00,305.0990
187.50,202.1987
250.00,72.4957
312.50,70.6078
375.00,61.0497
437.50,72.4779
500.00,52.0851
airflow(m/s),nan
clocktime,326490

0.00,8190.6965
62.50,3744.1762
125.00,329.9984
187.50,128.6442
250.00,155.0373
312.50,52.0846
375.00,42.2577
437.50,6.6893
500.00,18.2290
airflow(m/s),nan
clocktime,328624

0.00,9876.0568
62.50,4160.4371
125.00,325.9700
187.50,713.4537
250.00,410.7163
312.50,109.4362
375.00,195.9196
437.50,271.9793
500.00,407.9203
airflow(m/s),nan
clocktime,330707

0.00,1276.6109
62.50,1007.2292
125.00,268.4655
187.50,296.1490
250.00,130.4454
312.50,17.1822
375.00,64.4138
437.50,54.4713
500.00,61.1208
airflow(m/s),nan
clocktime,332791

0.00,2424.4771
62.50,886.7145
125.00,80.1170
187.50,259.1930
250.00,47.5776
312.50,57.3244
375.00,63.4321
437.50,69.6954
500.00,45.2861
airflow(m/s),nan
clocktime,334926

0.00,7574.1894
62.50,2841.7282
125.00,731.6079
187.50,498.2407
250.00,157.0762
312.50,170.6263
375.00,84.3196
437.50,14.2173
500.00,77.7415
airflow(m/s),nan
clocktime,337009

0.00,7447.6351
62.50,3275.4159
125.00,355.7407
187.50,199.4178
250.00,458.2804
312.50,170.6162
375.00,18.6820
437.50,86.6386
500.00,49.7168
airflow(m/s),nan
clocktime,339092

0.00,10828.9561
62.50,7152.5522
125.00,1400.3507
187.50,433.6590
250.00,142.7331
312.50,172.2835
375.00,52.2114
437.50,41.7521
500.00,58.6304
airflow(m/s),nan
clocktime,341227

0.00,2410.6801
62.50,2188.3327
125.00,408.9099
187.50,257.3447
250.00,125.3038
312.50,120.4792
375.00,33.6251
437.50,50.6895
500.00,67.5866
airflow(m/s),nan
clocktime,343310

0.00,4162.0443
62.50,3552.0274
125.00,3334.5224
187.50,1220.6025
250.00,308.9400
312.50,133.8811
375.00,76.2480
437.50,73.5395
500.00,39.8968
airflow(m/s),nan
clocktime,345394

0.00,19661.3469
62.50,9104.1694
125.00,646.3605
187.50,107.7079
250.00,148.0604
312.50,24.2779
375.00,36.5408
437.50,22.4528
500.00,24.2735
airflow(m/s),nan
clocktime,347531

0.00,4365.4075
62.50,2087.4831
125.00,43.3032
187.50,147.9239
250.00,45.9753
312.50,53.6546
375.00,43.0223
437.50,55.1284
500.00,35.3941
airflow(m/s),nan
clocktime,349614

0.00,2376.9560
62.50,3683.7138
125.00,641.7731
187.50,126.1596
250.00,151.3074
312.50,183.3732
375.00,136.9352
437.50,41.6661
500.00,80.3349
airflow(m/s),nan
clocktime,351748

0.00,14760.1996
62.50,7100.7537
125.00,1041.9385
187.50,89.8398
250.00,100.2596
312.50,234.1496
375.00,146.2805
437.50,39.0733
500.00,77.4454
airflow(m/s),nan
clocktime,353832

0.00,11265.7435
62.50,5699.0335
125.00,726.2823
187.50,168.7692
250.00,219.0478
312.50,81.9317
375.00,115.7467
437.50,16.9118
500.00,74.2941
airflow(m/s),nan
clocktime,355915

0.00,317.1819
62.50,2605.5257
125.00,383.1866
187.50,53.5462
250.00,127.9134
312.50,39.0996
375.00,107.9304
437.50,28.6455
500.00,28.9025
airflow(m/s),nan
clocktime,358048

0.00,1441.7199
62.50,2323.9267
125.00,406.8826
187.50,88.4264
250.00,121.2275
312.50,110.7618
375.00,58.7768
437.50,67.9096
500.00,29.4395
airflow(m/s),nan
clocktime,360132

0.00,2584.6973
62.50,3836.8315
125.00,917.7570
187.50,35.4919
250.00,142.6229
312.50,91.6339
375.00,104.1932
437.50,93.4377
500.00,54.6036
airflow(m/s),nan
clocktime,362214

0.00,7518.1092
62.50,4407.3191
125.00,452.7949
187.50,129.7956
250.00,196.6718
312.50,160.0369
375.00,78.0344
437.50,54.5760
500.00,23.5358
airflow(m/s),nan
clocktime,364349

0.00,5297.1176
62.50,3709.5544
125.00,1196.2624
187.50,267.0712
250.00,96.3679
312.50,151.8729
375.00,51.7704
437.50,51.5805
500.00,24.0270
airflow(m/s),nan
clocktime,366432

0.00,12632.4859
62.50,5828.6049
125.00,844.6110
187.50,410.7836
250.00,420.3865
312.50,403.9850
375.00,221.5148
437.50,96.9149
500.00,79.4534
airflow(m/s),nan
clocktime,368568

0.00,7450.1943
62.50,3576.2036
125.00,121.5000
187.50,73.0701
250.00,81.7672
312.50,61.4859
375.00,22.5309
437.50,22.9977
500.00,14.3738
airflow(m/s),nan
clocktime,370650

0.00,1367.8606
62.50,1903.2265
125.00,732.3329
187.50,237.9795
